31961824
28712664
26289591
28550454
32738450
28892148
33532487
28721811
12172553
33891611
22763451
31335987
27226234
33575875
14614311
33352197
25175012
30361061
15562827
31850909
32133736
24280772
33863779
24615476
35072947
33951440
30349304
31433805
26831717
29396625
27754935
30760873
16169463
28800130
26253278
23804073
33936036
30705255
23622183
27127460
24672426
28215400
30814890
24129405
34535574
29478616
26382847
29722913
18073529
24574959
30696882
30733194
32585629
19143635
31676823
17693255
32091432
20658316
27409169
15545625
14561707
33668092
28611587
22791749
14668532
18198340
20622004
29501742
25234729
33857392
27974549
25360538
27345385
33585271
19694899
28479301
31024074
25332234
16391386
26564073
26412398
24270422
20851890
33842348
20146692
28294062
19348060
34710483
34101831
23401075
30518907
21243421
15661536
24389102
28367235
32325422
31325707
34680979
28079897
34206526
31258848
18386114
33166139
33836894
34463540
25288394
33575217
28844017
12820960
33833339
32927859
24770722
27698899
21896734
21805467
26067126
15963462
26683340
28053551
23265840
33072782
30327302
19342893
33597177
18692468
15988001
16412252
23851502
25897262
24633152
28400571
28057888
29185092
23446718
16226444
33743315
30396185
33767704
21428921
22674026
18030348
18949383
32866472
35211358
18926585
30838928
21890410
22980037
23355874
19401700
24662006
23485365
19539245
28302097
28789352
33193709
21383064
29127155
16206276
24044547
30034322
34877936
27225870
34069976
30141265
31653662
32842942
23386324
24818661
22544507
24614103
21916571
32761379
32765227
29339522
19148492
25590233
25271321
26849906
19143643
18411301
14729330
22737271
17962806
32484794
31744486
31605778
25324725
34295558
16968213
23596569
23857276
16288294
17521703
30976976
21516926
26893383
12556239
20605525
29559472
12781866
34520980
22130643
17308101
34728310
32541317
21412983
19028034
16244323
17706618
18809716
22363451
33727259
20427478
17290308
34707679
27585680
18538015
17541983
16684541
15856327
23379329
15565817
34146544
34220329
29925043
31865844
34417327
21403402
27524416
16258273
28356345
20924998
17990907
17402792
16959613
34680906
19966866
27819329
22508056
15261137
28938574
32338549
27543366
25807795
27833825
15563019
27797139
20054236
18094094
29416749
28663780
33902956
16865226
16365087
31070828
34044827
27793946
23730262
29784808
31353861
26037201
20133820
35099634
26092412
12869586
28775826
24466367
29774133
30904097
16914728
24270416
23812052
22068588
31919282
22605628
29712777
32211034
24929024
24622468
34853810
18177819
16552619
30247156
21941369
11875047
29249553
31955578
30575479
12906785
30622053
27593484
19854379
24593867
22848663
32071825
24203997
33634104
34870542
22362037
21949518
33612456
28013293
18830229
31975504
27625244
30467464
29416624
34422335
21115397
27746591
33981751
15624760
30634218
22125081
26000908
19356717
25738543
19286253
24282297
27601261
26923434
30880550
19321600
32739207
21036700
32966992
17483958
29653868
35169091
15972957
22161988
23682785
32431684
20169165
22932407
30683131
30144045
18790744
33578443
25601637
19690069
22795129
28746872
15380067
26296489
30842342
28723536
20081363
21698073
27004103
29023667
22125080
28903387
20573703
26122303
31263418
16707451
27387347
21321084
22457331
22412198
18345974
18854862
29898392
35148846
31668132
26859683
31958214
22903760
26241748
16357142
23159330
29343513
35458174
20412061
27416896
26655465
18550814
32617785
27308518
25082895
29344236
19506736
16339216
28183733
23136410
34391197
20350529
28637240
31949495
16757313
19406939
28520214
26213322
23744272
16393152
18490760
16575396
12172555
24077282
21063108
25425965
19747374
26052552
21199794
19420259
17114181
26026094
34802045
24216105
21062901
25315683
28972182
17562705
24948799
26991739
18845692
21674478
16728407
22923433
18397877
22125061
18413730
27680012
16624901
20073603
21808151
25213336
21224066
17658474
16996505
16702951
19602587
31389395
20498714
15851026
15340059
25658305
22128018
16912167
27519418
35022853
22025691
22056141
23664616
22786721
16170341
28694334
28302666
23810968
18085521
22457330
34756499
29133867
19395678
19738049
26019056
15888477
12711473
19458266
15483652
28275690
14500340
23392671
22884327
15956249
35527063
24558502
19385061
19047368
21533174
29143563
23903681
20703486
25277454
21784859
12403809
19917366
23776173
24627160
25114803
17670836
20048174
20457704
17043358
21561859
23143994
25578782
18302728
23882125
26190969
22301052
15185396
18547304
25338081
16959561
26626406
35499412
35584673
23555865
19297407
30255984
22848848
33180365
25833943
18598780
33863288
29323708
22627626
17725389
24345884
30527742
31018109
15578690
20448661
21874011
33786950
20169078
21419611
20643380
17041622
31534984
26837766
31780742
25493579
25915427
20526286
18308511
18511518
26051878
22696685
31335226
30684133
26061549
30082707
24275666
21890496
19250671
29448085
33398801
29215029
19934433
19545994
27313493
32418252
25639352
21212099
26775702
25580270
12271141
21983129
25108739
16300636
33431351
33834938
23879512
32610114
25380949
25105207
28488386
29743490
16545079
20354178
16039868
14993219
25591831
23197407
21806479
19299312
30444165
26003087
20622121
25210733
22745582
18466115
19843635
18759130
21765414
16757352
12773158
20235887
25620636
34259631
30067967
26713679
23519178
33352195
33183431
24189100
30159145
18555664
30144504
23108404
31252410
30509037
29285173
19129461
17346240
29975249
24486221
32890589
26780363
26220190
25986747
29201556
23049074
20364113
15557109
27516389
31551937
19451232
31636454
33285244
27263037
22927055
30620711
35435531
26224859
15755954
18080139
26846849
26318033
29941212
32767682
27756573
25081057
34135323
18368626
29415880
35305083
33986025
27516388
25613864
24507694
22246235
26500758
29571618
29509898
28776456
18204792
16424383
26706015
19429661
28880149
17637564
23838844
28547571
14990989
32781001
24634386
23980085
20038814
25710488
30808980
35066877
27824141
34178631
26526985
23690211
20666708
18342602
25126449
30266297
25283550
20301399
28089566
24740400
30190613
24793415
29808317
33602381
27734035
15611656
19281842
32013265
31591157
27860216
28973543
24748662
32721041
29384404
25484085
28386314
32616874
17028174
28439198
17956308
25796537
21629335
14607085
25157160
22484804
15342917
32279296
30920609
16862180
35294228
24532578
32039915
15854902
33537033
19435890
26167915
26820714
28706850
19593385
23612979
29897930
32563542
16382052
32579942
26693177
18495876
33816078
25005758
32327294
27032892
15094765
27863419
18988856
35359406
26159692
23714559
12384518
32306421
31125447
19596836
35246210
22457523
26604019
32222129
31216956
26022167
29764404
30087333
31072588
23845174
34006213
23250422
20237422
24170201
33099813
30307110
17637444
28092822
17371247
33131798
24398473
30032281
32615844
18974783
26350902
22431589
34827885
35203531
30461191
27216612
26927950
26239613
18292222
27748010
28061838
22578218
25688512
28336152
21999454
32705128
23257465
31313716
27557496
32244053
18274553
16777620
34279736
33968030
21128010
35195858
24318044
32581239
34763482
30816216
28588230
25351248
23871289
30684511
30303819
24889507
20038806
33406024
21593791
15150271
18410267
27289491
18291711
29089812
23359422
27918305
20008787
19527517
17234746
30230171
22626986
30271915
33958489
26931735
21763421
26880751
30581017
24512506
30723133
17052453
23386687
30290719
21436046
21798997
27760312
29287601
15455405
23953116
18568033
21559457
31733185
25466966
29941307
26375845
17388947
33041968
25548102
23416465
28701918
14651849
32858122
33897589
20062052
19265534
23006971
20698845
20692828
17986349
21744334
20132221
26356487
18336631
20145209
27156070
26296882
18280803
34531523
26169313
33156595
26458815
25790369
34079249
33375770
29929111
34475973
31444548
28888969
19368729
33922083
32988393
29476223
29466735
33860865
19176385
30268611
23426956
26077033
20473305
23142078
32973442
22173120
22018000
20235884
30156054
18496427
17127340
30279084
23946894
34521993
15780592
34127790
34349839
22306264
20698768
30297426
34348978
26075823
24806451
19234517
33972181
25498841
21709159
25510732
30285856
18806097
21723501
21482669
31534053
27453294
31160355
14871804
23580196
27809914
25639470
34078440
35241183
28576630
26988032
24821879
20013032
26853465
16636147
28043938
18230340
32519125
28959001
28339086
29321190
16845661
33183792
23644529
34538873
32530070
29483507
28561026
28828560
26626801
15728574
31333563
29885404
28643795
27756752
17071037
29281825
27499730
25619751
30250638
24056156
30256787
22789312
30220708
31761686
20159776
16322235
27624942
31787541
27042238
23666760
17077083
32939338
25984893
27871249
27270441
35060563
24113030
16288292
30772928
30191950
15896987
30336374
26975583
24304514
17592551
33773987
27678300
30728291
27078846
25724664
29364507
30095976
31703252
30682390
29891519
24606538
32423691
21525172
24576404
32252351
29389670
26921394
31847700
33834258
32401131
28027327
26951504
31884871
26146406
25328887
32322463
30304677
26393506
25347447
21915260
34291500
31775431
33775530
31155438
28860410