31969156
33227701
31154012
33245993
34429143
34510317
34895252
33053934
32304028
33816262
33858594
33689692
32201367
31918283
33858596
32267786
33511121
33423775
33837545
34575052
32745353
31707087
33628386
33763351
34771737
31158463
34486482
33801266
31753861
33802014
33319639
33233671
33381037
32028963
32255730
34685652
33370632
32950931
32763290
32671760
32226386
35341960
34754243
33552982
33216456
32474970
33050642
32232004
31054926
34207792
33077698
31838023
33992723
35452618
33224954
31917230
34737707
35406408
33937039
33614483
31905312
35008317
34665401
33976697
34249227
32322202
34229086
34114479
35954167
34652063
34209162
35689420
33530803
34490076
33472043
32450139
35317831
34008184
35219119
34237149
36046833
34830777
33858601
35026533
34176435
33375363
34927007
34481059
35187884
36352310
33741330
35331093
34831435
35884904
35846375
35535466
33228222
33324568
35463631
33858598
34660642
35038152
34274449
35053542
34080652
36244578
34706732
34493296
35829809
33763424
35346674
35912261
36160153
35083613
34546599
34359819
35534587
34112622
33081217
35740481
32603286
31283006
34031266
34780672
34019917
34715268
35155422
33757386
32944616
34500075
31654670
35563785
33781194
35083552
34055628
32671766
32671772
35153766
35025446
33971627
34270851
32058824
33708631
34502089
34001111
33649784
33985415
33324651
34345262
34671615
35239457
34486470
34805151
34306363
31400274
34972982
32404982
34630073
34315829
33997996
34071600
32631392
33643577
34687482
34123836
34921672
33694315
32097728
34645770
35057825
32828649
33436008
32875398
34718401
32265986
32873152
33380833
32195258
32617902
33486268
34440583
31947952
32308415
36497032
33323682
32509386
34400351
33804163
34434990
34947835
31319163
33777202
34610224
33390854
34440525
32865908
32714864
33467015
36230955
32622943
32135156
34754952
33310181
35480110
33357130
33046993
34007319
32207878
32954815
32671788
33423701
32828300
33390839
35029026
33644083
32878084
34977014
33761957
32344698
32195376
34511191
32626525
33614491
34565609
33002460
33364196
31912667
36079818
33344463
31963754
34407408
31887364
33858595
32717219
32427088
33167689
35985410
32944332
34461934
34481873
36015330
33194736
34095462
33035835
32468609
33013353
36263211
34219239
32792960
33634029
33344232
34830816
36052243
33976565
34984190
36458406
33159673
32769067
31409894
36228900
34417924
35490372
34575981
32822869
34512171
33496377
34970699
34724113
31596150
33743781
34077348
34262410
36093546
33825861
32547680
35722965
35164848
34388457
34117724
33771768
36154574
36086852
35390521
34753517
32291890
31746369
36408728
33573849
34399755
33137292
32893526
36199691
35651701
34944772
33179541
32993062
36301494
34013371
32863925
33809171
33024814
35593085
34090148
31430557
34123773
32714931
35884450
35720225
35117300
35293275
32188381
32458284
34973953
36087267
34335894
32549199
35447339
34386060
31637455
32292717
34747309
34487813
35174769
33172060
32963809
32065021
33175697
34356371
34038188
33042417
34644456
36062863
34593902
35452638
35897149
33297525
33948359
33402081
33569451
36291097
33859948
35242237
34562660
35316767
35433698
32679233
34715368
33483365
33463478
34314695
34721765
32391363
35201430
35727403
35277787
34730354
33488952
35197412
35149969
32621826
35992272
36353541
32357821
35359388
35813295
33397270
33858597
34887757
34688868
34398448
34012655
34023560
35777331
34757567
32809888
36076996
35589015
35904454
32030650
36105204
36187468
33718194
34561763
36034776
34829881
34220498
36077830
33898327
34942307
35898946
36313671
34715135
33527008
32765672
32547235
36091106
32979152
33617368
36328147
34916936
33801244
31578730
32547395
35421971
32121322
36091810
34512152
36505808
34403722
35202930
34017066
34808390
36340606
32143356
35387352
36035142
35054843
33787118
35456001
36237336
35211417
34621117
35600411
35321716
34122628
32184626
35810239
32058649
33765484
35682754
33879021
36172152
36002676
34972983
32582551
34530675
35883800
33076720
34983878
34313498
33811272
33287140
32702467
31968668
35297369
33727011
35577254
36118862
36230768
34859144
32662824
36248994
32743346
35309939
35218522
36105209
34923284
32292061
34843961
35109895
36152248
36261830
35889271
34470579
35421633
32923161
36314942
31726897
35641298
35867233
34457050
35141021
34174688
33901572
36472478
35940381
33414584
35574313
34572575
35541921
35681458
36289218
31564166
31896739
32973685
36339539
31987780
35846434
32619471
34781816
32850800
35402377
32866428
31760267
36284209
35190965
36111256
36186900
35866106
35211829
32560613
33410378
33080824
33117715
34305598
35884592
34950664
32410999
33071789
33012495
34743698
33029288
34428588
35507519
35784466
34095224
32194803
34429766
31775562
33186569
33292250
33534780
32929194
35624874
32703253
34972996
32772829
35903922
35300572
35468038
32636680
35409187
33442395
31829475
36065919
33020404
32160093
33946505
33925189
32914514
33931087
34103941
35250881
35242238
33241029
32272509
34391383
34830772
32620250
36052845
35785187
35008395
35421271
33510635
33590833
33297472
36027997
35734200
32454290
34648300
34790572
32669852
34149413
33749909
35154454
33945913
34224393
34973001
33417959
32809908
35353287
32090494
32377753
33457234
32198814
35847371
36262348
32466878
34667215
35884522
34122670
32634449
32532053
36120378
31856355
31885310
32706448
36436707
35323341
35180345
36188599
33160989
33893928
35200106
35253184
32793311
34267658
34721764
35959437
34268955
36118522
32500187
31232177
34034634
33836345
35789980
33590566
32477928
32302546
34737805
35087279
34703297
35686268
33014767
33438275
34944907
35320914
32547075
35838183
34636265
32392870
32241434
34718209
34567080
33126898
33034883
35645101
31680182
32927836
35349179
35398616
36103355
35141007
32195096
33796128
34786475
32315812
32307199
32576183
35284678
32606952
32270762
31667787
34168038
32712530
32214849
35941978
36317339
34055781
32158928
32547058
32745631
32934730
34121699
35620287
32635505
36156071
35427822
35533903
33540047
32582997
31621074
35370701
32977950
33150055
32477008
34287803
33163267
33277856
35647006
34792729
34972988
36010638
32707305
33312753
35186475
36008963
31468537
35116589
34936535
35813474
34019188
34235149
32495214
34689566
33751830
33803964
35317201
33919392
32655498
35772211
32489327
32743846
32845995
34503118
32459143
35745567
35027503
34247114
32853020
32723157
33246109
32712519
35909123
33901505
33321172
33226729
35719323
35740527
33473172
32155434
36224016
33935758
33904341
32391099
31775598
34298710
33740421
32967369
32620249
32522016
34998392
34869312
35645799
33369397
34856824
34070303
35752079
34527563
32398095
32126260
32450402
32962728
33650674
33850566
35316753
36281945
33764843
33219602
33008805
35724456
33953684
31999483
32118352
34146926
34972984
33116643
32021368
33161807
36408240
33685990
33627124
36072894
36211278
36436860
33937013
35308126
35327655
33643916
32901853
34944948
32922440
35847878
32666385
32124962
32167212
32226927
35786294
34263254
32823596
35582304
34306145
32805727
36057892
33664811
32654071
35402260
33468994
34925800
34307182
34990474
33527009
32764319
34988177
34643458
35087841
34319838
36042481
33572255
35935871
34870550
36072001
32457486
32935427
33127466
33723159
32342935
33549731
35690866
32970929
31082435
32705220
34510030
32037771
34552063
36457117
32926915
33757400
34120890
35117888
35563178
34147881
36175702
32922532
33723389
36358282
31911756
35088889
35611548
34696669
35883843
32351616
35047516
35645615
36358919
33984457
35745143
33977871
33594306
35373707
34457046
36012549
31926239
36050738
32236587
36295867
35712465
33127840
33791049
32581581
32981224
32565796
36366750
32244623
33002483
32269680
34017682
33365273
35820930
34930918
34374236
33100936
34554345
30887252
33995620
32339608
33525971
34138755
32685993
35023971
34600158
33758077
34069442
32043710
36029643
35843092
32831913
35527284
35753437
34830947
36469692
33861443
35462475
36465273
33551379
35660538
31967976
32046105
34269571
33996830
33664238
35316161
36497321
33109128
34545708
31836831
33953572
33714755
32084360
36165981
32155920
34204950
32083074
34082670
31927179
35853845
35521506
32125607
36245371
34581487
33238786
33141044
32576582
33381557
35926236
34093717
31969821
34448206
35850916
34446143
33494010
34506766
32039209
33604190
34864826
34740994
36086867
35638109
31897197
32158930
33294264
33507706
33314691
32366398
34753133
31903779
35563661
31472232
33647328
33335860
33381039
32990415
33717236
33680945
32059847
31959760
33149738
32621115
34685617
33446043
33457099
36374537
34365730
35193040
34484469
35421676
34269920
34458926
33869042
33000249
31959741
34532654
33243748
35725836
35110426
35527779
33290872
32814819
32174982
35532157
33933849
36028170
34737955
32926650
33368291
33116622
34241570
34274415
31356866
32497551
36202792
34112559
34624808
34313248
35761360
35096586
32581812
33363032
35158941
33288559
34140641
32913252
33436723
35551547
31955565
32219060
31926468
32391435
35159234
34119128
32649310
32505806
32252007
34512972
32971884
32411003
36173625
34119480
36125654
35117160
33105796
33974856
33781788
35749047
33575215
35472308
34321115
35345372
32453596
33168592
33275885
33531365
36358973
35551609
34094830
34178638
36429119
34072080
33304449
36091874
33948361
32093197
35598880
32546957
34503992
35565270
36329365
33292331
33077263
32384667
33779695
31957111
35402224
32684843
33788710
34975311
33314291
33709560
31856624
33660534
32509199
34883287
34743185
34278450
34972987
33594312
35468684
33652741
33226737
35852796
35253629
32314441
35859615
34668023
35834999
35008539
36294896
32184145
34555439
35931405
34315538
36088075
35684339
34416339
33494431
35126175
32209256
35123502
34901004
33402868
33312383
32681018
35458629
35465266
35485606
33384999
35832188
32984059
32053261
34151717
32692719
35994813
34416437
35809179
33970686
33299639
34885250
34242793
33713277
33277850
32210728
34813005
32007918
34477470
33723393
35317027
34832087
32882854
35778975
32543957
33194716
33877643
35192112
33277860
33986832
34031264
31820522
35582016
35750234
33144423
35415679
34311866
33442914
31714594
33621155
36166484
32802451
32189969
35884937
35053274
31612776
34374416
33751939
32531363
35781219
33717544
34410522
34676207
32207025
36010550
35282059
31746346
32449842
36508908
33425726
35493430
34094831
32990544
32702370
34646092
33604297
32116109
35699756
34440370
33600824
32800561
32505754
33681390
33485722
35186488
34707704
36283765
35454800
34306201
31078640
34214844
36185289
33416155
35365989
36083020
33614240
35309946
34688043
32129701
35504402
32033142
33121356
34749521
34298410
35595754
36402120
33981710
32825930
33567693
35975690
36065306
35133601
32264916
33243730
33290835
34965934
32904616
31904151
31233802
34094892
32972750
33836253
36500345
33308096
34657484
34909664
35344902
32509086
35637945
34488535
35517879
32943635
36148589
35880618
35372352
33388284
32993405
35970822
31874162
35732586
33159250
33255983
32380907
33021078
31998652
34895031
34592447
33287516
32080166
35127467
36309877
36044967
33260729
34313719
32472997
35635086
34165807
36210389
32716640
33879173
34378314
31150765
31900225
35887232
32436415
31705351
32364070
35123435
33573362
32172951
35966083
32623018
32883024
32359534
36169801
32791689
35486286
32671758
35014689
35712081
35179776
34315396
33539914
36046639
33282725
32460019
34798195
32021178
30880243
32488875
33308286
36016573
36093528
32256785
32767241
33632157
34988121
32393385
34572561
33664992
33708944
33178685
36457125
33134898
35957917
32862591
34406646
33440911
36342406
32235537
34311861
33845085
36008699
34575883
35029627
33301821
34360634
32468000
32393373
35914447
34899841
33609560
31950844
36186902
35653827
32695478
35448900
33890549
33187244
34990753
34134951
33960661
34059044
36477869
35655258
36291694
35994214
32477104
36396926
35101253
36248959
34498970
34443541
33983643
35768332
32286090
34512323
35538212
35358010
34629183
34895046
35008183
36501031
33760192
35227175
31897241
34257653
31436048
36394358
34965181
32323786
33868366
35913232
35706412
34467634
33362547
35561082
35867735
32556197
34131122
33068778
32760216
32731544
32577098
34593046
32670817
36209169
32840508
35489526
33014857
34193693
32641008
35209954
34672076
33135350
34314381
35605790
34480353
32231206
33758608
35237297
32406996
36499465
35752221
33302793
32897390
33614661
34722507
32775000
35893747
34749627
32234634
35394351
32724374
33297368
34225919
33633773
34051014
32121220
32021564
33262826
34212047
34952616
36091809
31154010
34137221
35201948
36288315
33089945
33454423
34944451
32051740
36276067
34494660
33978471
33066795
34260030
35490141
33854963
34041016
34237728
32449799
32806075
35517427
35751683
35083210
32086850
32547955
35159064
33205247
32304760
35225439
34185683
34095151
33682317
35018234
35796429
32884298
36284386
35228068
34681622
32558072
34156327
33596797
34409031
31693781
35764172
33964189
36034873
31260695
34374662
35808943
35123989
35438056
33149605
33777735
34502165
35992149
32319564
34953982
34634291
34904929
32457911
32101760
32420529
32944618
35920704
34359849
34982945
35845350
32606806
36500444
33968578
34761352
35524271
35305624
34040389
34749023
31699565
32632734
31949142
32175400
34440609
32659236
32972302
35593080
36255390
33108790
33912471
33747284
35533849
33622179
34263972
35159028
34116040
33721131
32862589
32111227
34477532
35409302
36385098
35770119
35686549
32244996
32809085
33773561
33842365
32654094
31823161
35237600
34171288
33797387
34170806
32845500
34922208
31512302
34512368
33848808
35544782
32892693
33978540
33995628
34201882
32831056
32585596
35259676
33805467
35368866
34725193
31956295
33694161
34439299
35136409
32846959
34467729
33173015
32385195
34628002
32939326
35220908
33414645
35117439
36441354
33767768
34377561
34158393
33236987
36473988
33836050
32723566
33732000
35117651
34025409
33044599
34498152
33176665
35186763
35365454
33531625
35145906
31625025
35117763
32537027
31530650
35625886
32334814
34659548
32286950
36180647
35263996
34311869
35076979
34814818
34132358
35377342
33789681
32823919
34206370
35494072
34448791
33537721
31400500
34831003
35859894
32958832
36214828
32475477
34321849
32443527
34760883
31973533
33202208
34952294
32139670
36230847
34220946
33925206
36039881
35849510
35931280
36147481
35963161
35500567
32033497
32213200
36195025
33116405
32182833
34311873
34815705
32238163
34749235
33192508
32904694
34107107
35680107
35167417
35008169
34373753
33315519
30587055
36012149
34494518
34432562
35211405
32268297
32879052
32677906
34894411
34230170
35462092
34790665
34509534
33771548
35586341
34565564
32641772
32832347
32301577
34123772
35136038
32797770
32158225
35690108
31448672
34796041
36039592
34589147
32671756
35973456
33276100
32269848
32655801
34878954
34669124
33390777
35338124
32897127
32277642
33935713
32596861
35060334
32165864
31787236
35292022
33760140
34685734
35332108
32429634
33563064
33141986
34268882
34660181
36323918
34821102
32322029
36394428
32903592
32830148
35076688
35280824
32266092
32983963
32284762
34219533
34422995
32129936
34972997
36300110
32080971
36177565
34204202
35221159
33904969
33194073
35048740
35928921
33848520
32735773
36119644
32768581
36111830
33262988
32018054
33575473
34760337
35966597
34548487
35545051
33115703
33413069
34169775
31707337
34110249
35550147
34294367
36026467
34270985
33681180
31965560
33621661
35192430
36172090
31958364
32502598
34780750
35662862
31988494
35244402
32582967
36413334
33223507
33443463
34611139
33758415
32968434
34849558
34457062
32620611
35447368
35791769
34522207
33652766
36286607
32019578
36193553
34208086
32671784
35323219
36389739
33408522
32908624
34829834
32585246
34065348
34765299
32976831
35392170
33340658
36213540
35574843
35813469
32671755
36044857
32708484
34771454
36335591
33194631
35645820
31989778
35935881
32769048
35117541
33568627
34673141
34421352
31522488
35156370
36104321
36292753
35234274
35722357
35427090
35572624
31933109
35318456
36338726
34995006
32185829
32862573
32879309
34184748
36311367
34762394
34513674
32112906
33599179
34211088
34481340
35561786
34102996
35435804
34720024
33718218
32686580
35811032
31604847
33132708
32448867
32626921
32138264
32001304
31810133
32620253
34268997
32351887
33799790
35743108
32434809
32014460
33074407
31900427
35726640
34972991
33931944
34241563
32948377
35322538
33177491
31868268
34861864
33461879
33721474
31715238
36163066
34517553
33438558
34977879
32750222
33461653
32980859
36333468
34642112
33635146
32795938
34470575
32457882
36052501
32580962
34972999
32521908
34970559
33910741
35607322
34093198
32895156
34823534
32828468
34690368
34127545
33291138
33854045
33806593
33670717
34719593
34238288
32445497
31626805
36187114
33264106
35143849
34395438
31938577
33300063
35684936
32222939
31809874
35681760
35392243
34954455
33050217
34685711
34339788
33139495
36063298
35012539
35611195
32958058
33409454
32308756
35252196
34017854
35167420
33361105
35625868
33846805
34795388
35743294
34229754
32470391
35574311
34225916
33201177
33194668
33588149
32618109
33770630
32280228
35532360
33209421
36180880
33718649
31882473
30674085
34311865
33794256
32984335
35664062
33655847
34869595
34379404
32505819
33194339
31900426
34948250
34229122
31849347
31549407
33953166
35008266
35708538
35960342
34360785
33592379
34481526
34110079
36037300
35321516
33773286
32027811
34475052
33131510
35190555
33011366
36116140
33781453
35843038
36177001
32449072
34224698
33926066
35947500
34253689
36102594
34689261
32707662
35503259
35563459
35030981
34985374
34564453
34535390
34488754
33795637
33680966
34586834
32273718
35367197
33824303
35524422
35137919
36309613
35740624
32681721
36182945
34278709
35273506
34972986
35179470
34217800
31637425
33987935
34766117
34921037
34360912
34831171
35406578
36234769
35013120
32471161
32900486
35225648
31412297
35639235
36152247
35946460
33931245
35250560
28696821
35917476
36012632
35892684
33468624
35284335
34169735
35294758
34204169
35039480
33838688
32104496
36129143
35335903
31892846
35140317
34625292
32792483
33039557
34278852
33836068
32415055
34758822
35618158
33641784
32497793
35288538
33243998
34943939
34692467
34115486
32882870
32683165
35690101
34080659
35636017
34024207
33130826
34571977
34132136
31202884
32071548
32360360
32971907
35730319
32021279
35259610
34655597
36170818
35296991
34832850
33020183
36336710
35847007
34746127
34587439
32426106
33468622
36013308
35087512
33787596
32541677
35781781
35456009
33043194
31100386
32825725
32716865
33344455
32021258
34522004
33020972
32929346
32484926
34497633
35730618
34132471
34697403
32186433
34400904
35865102
33252196
34168808
32762631
32655799
33878320
32940810
34957997
35411034
33799834
34536761
35677385
32384961
33171939
34829743
33447049
36091161
34694177
33145996
35097120
34667114
33930758
31640469
32969571
34825223
35246137
33680939
36263139
36302487
34035513
35159071
33463793
36288309
32864010
31782148
35236309
33256191
35257941
35251348
34657573
33663596
36054559
34036395
32132037
34831207
34007184
35524892
33419007
35278439
35633555
33363019
33355874
34737609
32171725
32292508
36325670
32044344
35751897
35644286
33367926
33792534
32319010
35995098
32003756
31898235
34500048
33744326
36277157
34764812
32397857
32577848
34955844
34822067
35864962
31823159
32074500
33435480
33486901
32330398
32781040
35192930
32323828
32345308
34714283
32774323
35061934
33641532
33899158
33277468
35459137
34966970
32747819
35293266
34886869
32346312
34006524
35640424
34708458
31664285
36493899
33424932
34632655
36261925
34443626
33553340
34976156
32777353
36465376
34229059
33929971
32227107
34597712
33562118
32145546
35422093
35092496
34225866
33516665
32066826
32671412
32186200
34900537
36497097
34658867
33677703
32456660
32307224
32020222
34158631
35073911
35346788
36009363
36007853
32642410
35634171
34204710
35883840
31989650
31709727
33402116
33517652
34681055
36195598
33691134
33689707
34740039
35973285
33777755
34830283
33921647
32028644
32732922
36137312
33413648
32801774
33534128
33041510
32029274
33383144
33298861
31969559
34217999
35121801
32767706
34844627
32424110
32767958
32765280
33788717
35066716
33066037
33580870
32353482
35219727
34069945
32067228
33798660
35070939
35841832
35247670
34247563
34624212
32544364
32320221
35992821
35667294
34411362
32909456
34859259
33811160
36430634
32953980
34289309
33230459
36202782
35320362
31736362
34540699
36209140
33069436
36230664
36197606
35446347
32431510
35571705
34221960
34885233
34897033
32741948
32699244
33167093
35346827
35130130
34202980
33079458
32626654
35318393
35979349
36107218
33416156
36163413
33213267
34490484
32277647
35154538
35571053
33142290
34536148
31177911
32521882
34268998
36233191
35284915
35679718
36125241
32027103
34543777
36076587
36375351
34513690
35939342
34225912
32461185
31897149
33565800
32801894
34377049
36438923
35750204
34302498
35180471
34976799
32799541
36240647
35411177
34659883
33006536
32805253
33277106
36048131
34808331
32791403
35242299
36505465
36316321
33155002
32620238
35165763
34952334
33939112
34511600
32071301
34692691
36092834
34736136
33043765
33053421
34803509
33842506
32020215
36008375
34750896
31517566
36154921
34675987
31911173
35559266
32961380
35013134
35460941
31877368
34917504
34201121
32181249
34199860
33123479
32916093
35132327
34490597
32952149
34276784
33430343
34180400
33142912
33049093
35695930
33608672
33217539
33039746
36484011
35185859
32158612
32296703
35203271
31823643
35897724
32319589
35014946
31920150
35552447
34944838
36276125
34883339
35728712
35336037
35343375
36436800
33225417
33186656
33867841
35628435
33178587
35048086
34616731
34965300
35149590
34964698
33125087
32090100
33017635
34049942
33450374
36377675
34887366
33330479
33281606
34309071
33250346
34860480
31504230
36192955
32577124
33723227
36442771
32877658
36353483
34560126
33143000
33976960
35857203
36172166
33207677
34370287
33235907
33397371
32398958
33486244
35657693
32402265
34000385
32087199
35720483
34091997
32141535
36097284
33824301
33141027
33654220
34059630
35092073
36077620
31709703
35485300
34091441
34059679
34675625
33173969
33850531
33153895
34459894
34094664
34519942
35258397
33262410
34671742
33049246
33247539
31830378
36408163
36226489
35076073
31905145
34477743
34568426
32011366
35333893
35831271
34565050
34830856
35637944
34890395
32685013
31208298
32127658
36113478
34524572
35582035
34062931
32273681
36446769
31738958
32626969
36239138
32684364
34791996
35163631
33590353
32531321
33153478
35403626
34402718
32195029
36267982
34825483
34378389
36246567
33831423
36271983
36389022
35543153
34503072
36462504
33742370
34283310
35843188
33156457
34257724
35881002
35183535
32695666
34605238
34549269
35261902
33946407
35593352
35335879
36285810
36313039
32899412
34602482
31772060
36308626
36189673
35654241
33213840
33392087
35822782
36209164
34847851
33676525
34345220
33692867
34820373
33898457
33713530
32099402
33727811
34926665
31820786
36180918
31938057
31714008
34829274
32013613
34944759
33755174
32547320
32180471
36152415
33783243
34768858
32799625
32998777
33316936
35252345
32364634
35089340
33432087
32426183
32811814
34680418
35750756
35406767
32376951
35092826
33990406
32203889
34158560
33542904
31679434
34321364
31625014
33912571
34634366
36149174
35306025
32894530
35366490
33692828
32268164
33731670
34483138
34671362
36412461
33937040
32298965
33508384
34083581
33489671
34699544
33147747
34350832
35203398
36016559
31875696
34195194
36071571
34333223
33398504
36009317
34759953
32904014
34444893
33920284
31180579
36369701
35280788
32800272
32308763
34166610
33546151
32513922
34182538
33415148
35598430
34948346
31823521
32724459
36100036
33397945
33445755
35432318
34592338
35336740
34419491
33348858
33820903
34444754
32728395
33135459
32186434
32322174
34337076
35670107
35193644
34627860
33799444
35116329
34221974
32109534
34499929
34182186
34654797
33656766
34821640
35002405
31761324
33092261
36232751
33228205
32521922
34168974
32256661
35740560
32686156
34192540
33414642
31942966
33194715
34418587
34082797
31913198
35249871
35171698
34994182
32917936
31729294
32323735
32277631
34559451
36044939
35670018
36087260
35018237
35860692
32273769
35024319
33421376
35312836
36045117
36469687
32239565
33576607
32708719
32645936
32903546
33477173
32744455
32592935
35731422
34766115
34489486
36270994
36497394
32031480
34414176
33078819
34716768
32809144
33234130
33462197
31982774
32835767
31274029
33809187
33924197
33393595
34094672
32033136
35589749
36384263
33490066
36464174
33043006
33680119
33267766
35477503
36413951
31998722
35038909
33775862
34746309
31740976
35075806
34611296
33369155
36010871
36210729
34471155
35847556
33244453
32120820
35925004
35847859
33070220
32285119
34257008
36271102
36229854
36178365
32064154
32160513
34719858
33609914
32497731
33273989
34076346
32064170
36411635
34917515
34445095
34987409
35663368
32277638
34476408
34234860
34121209
32943990
36500595
34036899
33037394
32565933
32946432
32686662
35637953
33389358
36197771
35165511
36336731
33061441
33065180
34384271
33738133
34999170
33192507
32512070
34229534
34734489
35989326
34245541
32370647
31310766
32912429
36243078
32562082
33240435
35144473
35478473
36042292
35787941
35860009
32437063
32319603
31806377
34588305
33561998
32641992
34565052
34533789
34077030
33442234
33430276
33152554
31639425
32559585
34796446
33862514
33546453
36418932
33226137
35966798
34422996
33389491
34886780
33333786
33194612
34681931
34793268
35432564
33294259
32334473
35228393
34876005
31892847
31619134
36067803
34003591
32505349
32079445
31544977
35999260
35916335
34461918
34164402
32671787
36353507
36198092
33330070
35118194
33302731
33712559
32392914
35101233
34109916
36359211
35413508
34093817
35414328
35203326
33858600
36353537
35993307
34732415
33626233
35847840
35513042
31963684
32274754
34228649
35195559
35043820
34447636
32588736
35383175
32160975
33925460
35240523
32265995
33667680
36386796
34746949
34309953
34643254
34584194
34952246
33219251
32519911
32115531
34139673
33495338
35134463
31952347
32800183
34094898
32818880
32562591
33637694
33855021
36459757
36232338
34311860
34004245
35231973
34130867
32759988
35327364
34919139
33338745
35852844
32681639
33859171
34524943
34273469
32339656
32277663
32004564
36108581
34691238
35138514
35308199
35456696
32585451
33534026
34770912
34225908
34677478
34771150
35096092
34609442
35070424
34943216
33600074
31969691
31917256
33664481
34365465
32485185
33824300
35832792
32913468
36271525
33393622
31468575
32502617
35429741
32429086
34465721
33906066
36097121
34013944
32466291
33174013
34783437
34064899
32722030
34200718
32850358
32934709
34294886
32527363
36303207
34051669
32727463
31977381
32561752
32112851
35682572
36176912
32795297
34664102
30909789
34436422
35482846
33087706
34087975
33963173
32512657
35771397
32338033
34980191
31892852
34050137
35416174
33999504
35479314
32606729
32807131
34765288
33562649
34278438
35114735
32835867
34439330
32504550
32425551
34572532
32322666
35213972
32178401
34950036
35326441
34458256
32384038
35946506
34163626
33738849
31777946
33629888
32067528
33227289
36381420
34786890
33551645
33513408
32159858
35733226
35815559
35937567
35078016
33462315
33628171
33435917
33209659
35019151
35865923
34391846
32589943
33036756
34723728
32276321
33718171
33668611
34647221
31802650
34129929
33718186
33784737
35486231
35883626
36467088
34992690
36077705
32507070
33948919
33218059
32016855
35780182
35530295
35002511
35290903
32123164
31773748
34775571
34538862
33907223
32788939
32265434
35890190
32345599
34152791
34121969
34881690
32662244
36052160
33743739
33322704
33163006
36509263
36359829
34887935
35117633
33753729
32395074
35847939
33241447
34830679
32401166
32878322
32781533
32086839
32451084
35078092
36348405
33378961
31676295
36310382
35697684
34728604
35986318
34809598
34826185
35666424
34522228
35905845
36099919
35036428
32807902
36303605
33178020
34638473
32559499
34766124
35261881
35419003
35786404
35390258
35887082
35748379
35163051
34458153
32576206
32226300
36105077
31925751
35152365
33036162
33592126
32617693
32768499
35811549
31904416
33436044
32645460
35286855
36204096
35654870
33682883
36271672
32753885
35715752
32234375
35537042
34345999
34885226
34931585
32007668
32717981
34560002
31847687
35860020
32960676
33204396
31955515
33734022
36267739
33204717
33923163
36275891
33841177
34520820
33160404
33083736
33670664
35447405
32196579
32401642
33553601
32114655
36376929
35197372
34761190
35425966
36148953
33803216
31748400
34111484
34901876
34290273
32415699
36173887
34513827
35443161
36385665
32802407
33200929
33629325
33762554
32335136
33574938
31411813
31746419
36242987
35773729
32738396
32671513
33838253
34567000
34371479
35051602
35053502
34074205
32321078
33499722
34409736
32650234
36077131
34663310
33395067
34311862
32516310
35883480
33643794
34357550
34869326
33558127
33236144
33035517
36299321
32193353
35843572
34440493
32772586
32372019
33916175
34663249
33954107
32157940
34213070
34972990
32245178
33925873
31285544
34593436
35468023
34999255
31732298
34095215
32124953
33409152
35157912
34311863
35957872
35121048
34873458
34694211
31968246
35887373
36291071
34654847
34319761
33662035
33277367
34685497
34440579
34124097
32529281
35786998
34378101
32233112
32175074
31881227
35654783
31593983
36176901
34659260
35511089
34641511
34183390
32372061
34221923
36430164
33086573
34116103
33848354
35158954
36109708
33374212
36011286
33800526
36357766
33240083
35035532
33378941
31501954
35267627
34414460
34036905
33717106
32793692
33460487
34044068
33516849
35131870
32934196
32322463
35217991
34522171
31883611
32314842
36270092
33351066
34830185
32862616
34495871
34818571
32537026
32277659
35728404
35012594
34234193
32792495
35884497
32586104
31392521
35526484
35092862
32435156
35990250
33877295
35662705
35790438
32721465
34166768
33966040
33297397
32843914
34051059
34977038
34765300
31904493
34766155
35439009
33273855
32135176
34903728
32147543
35690609
33936265
34572730
32169483
33194045
34306311
33675913
35627086
36362414
35597548
33818628
32473226
34816823
36183846
36345282
33633561
35189139
36252816
34796518
31953866
31968657
33993848
36034984
34277771
35629783
34050869
35506168
34944946
34737104
31975975
30947648
35099014
33548266
33988680
35778432
33526785
32566599
34987184
33961996
32605589
34673014
35992877
33764710
36181978
35122020
35752587
33927214
34680112
34052237
34021889
32990238
35240373
34294687
32011523
35156519
33224313
31971825
33920802
34979143
32100342
33182770
34185286
32897597
36510662
35647611
36293323
34590461
34668612
35342354
35081354
33486680
33795650
36307150
35413227
33672463
32685024
33205940
34077023
34189759
33442462
33434641
34565047
32010432
32548489
31640407
34225910
32359442
35265218
36131551
34831348
34019822
34119830
32106366
35898889
35797861
33569751
31747048
32106386
35521536
34408924
32482464
32508661
33242590
32615541
33161138
34405006
34740308
36070022
34198826
33077555
35241019
35430482
34931347
32131519
34384220
35130435
34366624
32766132
35134326
33262814
31932199
36369077
34868951
34685502
34525929
34500303
31466007
34795783
35874083
33240928
36280710
34604081
34550632
35781277
34718338
34695177
33775041
32596809
32793689
35880728
34207482
32756813
33923277
35201480
32477114
32365333
31887479
35447421
32325894
36216988
35990359
34338240
35058442
32210730
34428354
33662541
35739299
32771015
35341736
31742748
34277603
32431605
35963163
35692501
32319535
34208033
32509141
32802158
32616651
32428794
33516629
32274755
36178640
34257560
34068078
31843707
33831291
36046646
34391853
35203329
35171467
35730472
34499759
32125927
32913473
36165013
32841734
35786367
31185790
34987705
32839835
34294686
33858375
35784738
33806538
32482465
35590240
32501285
35656444
34947979
35615533
33558461
33505802
33291236
33137541
36359776
32059369
32032635
33303057
33400087
34830876
32476238
34728712
34256900
34641696
34309734
34503136
32401800
34976153
32962733
32681145
36153332
35804925
33562660
36472008
33462411
32640423
33215222
31626908
34407274
34298686
33572896
32603024
35891771
34468737
34716292
33443027
35866521
33173988
35680461
32425814
33525055
36311724
33554661
35220892
33456497
35814470
35272138
33058239
36113664
35011619
32534055
36247874
33125137
36047380
32164484
34950986
35798783
33113432
33070465
35236820
33438267
33710340
32231197
31901301
34273969
32475631
34611143
36213936
34062410
33824287
32337232
34919842
35290844
34696663
34161791
33525345
35393404
34907215
33532040
32277676
32825464
34426753
34439183
35986740
32601379
33435638
35063131
32634079
32879302
32209654
35274103
36335987
34752845
32413951
32329644
31704246
34298694
33628104
32698821
33236292
32432045
36292923
35853472
34250091
35010111
35147529
33469229
32568216
32818504
34977437
34336650
32019552
36295086
33335403
35523956
33318313
33097627
34445233
35836253
33111629
36088312
34252349
32314457
35013112
35544345
33990700
32340261
32733951
33511016
34616874
31782573
36035205
35584581
32944635
31931029
35522895
36340199
35208263
33011370
35328212
35526650
33778066
36343694
33977288
32274713
32118218
34354930
35414766
33055358
32449796
34773931
32724391
33147843
35174920
33376327
32252554
34921013
32239637
32397145
35660560
34125328
34119706
32021286
32982756
33373853
36026459
34616872
35056682
34940569
33349973
32174193
34577802
35350904
36291841
34805224
31830480
32627648
34926299
34113619
32944787
33957885
31734345
36251949
31374232
33510126
32735398
32964050
34067336
35427029
33530915
32588529
33123994
34252884
33995090
32157817
32587255
31678610
33692862
34262422
33201747
32409654
34186050
32276544
34335968
32608399
33768004
33091598
31449799
30882175
33418313
34716301
36009490
33477438
32319705
32923160
36215854
35729836
35339509
34437575
32978258
33940548
33965882
33593530
32944630
36245991
35889266
34532129
32872238
32738660
32334816
36476874
35498374
34685669
33259958
31692265
33194067
36374269
36251015
33850550
33507113
33878446
33116421
32322287
32081789
34174900
36437149
36506099
35117516
32087304
35090469
35802827
34179308
33854590
34725936
34308850
31918278
36451006
32999071
35449123
33887374
34326874
35771492
34525121
32265690
35923699
33417860
32509328
36155886
33530098
35483744
35470752
34638690
35359416
32718905
36364419
32342819
34926294
31923184
35054896
36346382
35409117
32913514
33216292
32658459
33878525
36280393
35727484
34736000
31918268
36203272
33342040
32186773
36482460
36379072
33948370
36361811
33858602
34532269
32945512
32782546
32765281
33987329
36139680
35326559
35813472
33355008
36088389
33884283
34363750
36029563
34646824
35656544
33806766
33640393
33915939
30990354
36302750
35319877
34861471
32934241
35715412
34558909
31863650
32545395
31901897
34923909
33158052
34201520
32642295
31647975
32155825
35341641
35980802
33572326
34175455
35761331
34038010
34943848
34093468
33754064
35882922
34069831
32499869
34799992
33682697
34044254
36454443
35592424
32330402
33747719
34539902
35936716
33143349
32066565
35322026
34769649
33164641
35846146
33996598
32023558
32339554
35256612
35839920
32902904
32088363
31932577
31399521
35582378
35468267
35806262
34873207
33441536
32521910
32358527
32084457
36099296
35418864
33922020
35626685
34729300
33167097
34829755
33959611
34382902
33431946
34051063
33042422
34036900
33513833
32982457
27595182
33809172
34513834
33404288
34440797
32524997
31704614
35029926
32964017
36217337
35879578
33124469
33260158
35117535
35889376
33859333
36498938
31696776
32203415
36286616
31826695
34206503
34486682
34740311
34738088
33558499
33591634
34556996
34457116
35442635
34916946
34903812
34577602
34923996
34944711
33225411
32826852
32898336
32106726
34897285
33677201
33997522
33668399
32494123
35384194
33552978
35580997
32533048
34876569
31836446
35093305
32818653
32152268
34337214
35411221
34487557
32000660
34972998
34357784
33268765
33837652
32264724
36139050
34584548
34012396
34052024
34681840
32865519
34822609
31558773
33636118
35745279
35911821
33485977
33408515
36316517
34778055
34913371
34352656
33798723
31947523
33802972
33362537
35427064
35829806
32068119
33912071
35639628
33271317
34896212
36015461
36343390
35367832
32860290
35256590
36241058
35845111
33996571
34164340
32397616
33461384
36303604
36242711
35977156
35572821
32898766
32848212
36316728
35972600
33085742
34657154
31870710
33017560
33201987
32755671
35860415
32221018
34298660
36442822
34636718
36252358
31962157
35848125
31672021
35901932
34369648
33826973
35117785
31951366
31653348
34976215
33909989
33522017
33785334
36500562
34944620
35955957
34358365
31983282
32915229
35117926
32780724
34169286
32927333
35481263
34912806
32245040
32983240
36111389
35787635
35982963
33176062
32949647
32009292
33829015
35422861
35877414
33931137
35479306
33791071
35267139
34638976
32566006
31819175
34331820
34320341
33142092
35614042
36446749
34552935
33817274
36470150
33045950
35257890
32414649
33096451
35226448
35953045
36107242
34475961
35247713
35530337
36464183
36063487
33296658
32309430
33279616
36502357
35124697
35756488
33144562
33487631
34188451
32678070
32498260
33649236
35218870
34940128
33043004
32039200
33650306
31936661
32945383
33391416
33421547
35029906
36494581
34360911
34363252
32800766
33627540
34831432
36473118
36376383
34632457
32988589
31690168
34463392
34638477
33908658
31960187
32748571
32705154
35395857
35679755
34059066
34869345
34741624
31911943
36305295
35939287
36334389
36470863
34669780
36048765
33004943
34251955
35706786
32943992
34981275
34740374
32681102
32203162
35320734
35903602
33665357
33272252
33349212
33322223
35856800
34215587
33505990
34994334
34177589
35798180
34351278
33549907
32214827
33980998
31241186
34969768
34821359
33562110
33383091
35195252
34900530
31114026
31968072
33091717
35223522
35255688
34221865
33249983
33143122
33311531
33068647
34073042
33082306
32258934
32244304
32510292
35216492
33429026
35267590
35036064
36400750
34648659
32018052
35186935
34100505
32488123
34735553
36245270
33501755
31735334
32456685
34485308
33977236
32733205
35895804
33705817
36075445
33116646
32913402
32036474
35957886
34868263
35600868
33287670
33425768
34729107
34562084
35821262
35748183
33995648
34840109
33292048
31811682
32301055
33931593
32199225
34070860
33672917
35080534
32873769
32328609
32072237
35538574
33513285
33314408
35027539
34520744
33079432
32750329
35417035
33346211
32356935
35245980
36384951
35533630
35979145
32850882
32220507
32652799
32715610
32391393
36076558
32397306
35517407
36307308
35903069
32394616
34721517
34677630
33619246
31879132
34577574
33886150
35687943
34296290
33879025
35525794
35257265
35892875
32545155
34782203
34724861
34459871
32684083
34486484
33971079
35358642
33149623
35159285
34642296
34443912
32760495
31778016
30928540
31991400
32835949
33276631
33692866
33203798
31913698
35517496
33374288
32578172
33167355
36164233
33066359
34648006
32943619
31903123
33253201
32824273
34224831
32141386
36219731
34249726
31056744
34000301
35163936
34426156
35751928
32036052
32016696
32569884
35241512
35312885
31872377
35903603
35409093
33936282
33438778
32430398
35281421
34660307
33114161
32590269
36059676
35529455
32427462
35673887
32532955
36140359
33485070
33133307
35246531
32571958
32054840
32099466
32461152
34586588
33114182
35367343
35573678
33605033
34674798
34040677
33000186
35385421
34716312
34620881
33824292
35968729
31238825
34970875
31923762
35118704
35016681
33416981
35383530
33112206
34431723
35668376
35572840
35307376
34575683
32843575
33125088
35275521
33371758
35167498
36030287
32917124
35693981
34442423
32277661
33862150
35928273
36387132
35966301
35797859
32784671
36077839
33665161
35651652
35204799
36076931
32483417
34121197
34696464
35121129
33578033
33525571
36243772
34350189
32901886
33668730
31721534
35805084
35573732
35559020
33734029
32734535
33989764
32409792
35865101
35663979
35248646
33250518
34279414
35008502
33683029
33291743
33611211
34105442
32130941
35069221
32509151
32587856
33871553
32282761
34671813
33213278
31917287
33098415
32602837
36503396
34798055
35459209
33677528
31490018
32767956
35770917
34607961
31912859
33819192
34714484
31830624
33378952
36030746
32783661
31903741
35468095
34333735
36136528
33926342
36300763
32057904
35762224
35931669
35946936
32637822
36289525
34491469
32687844
36149892
33224433
32878257
34681206
35403545
36481429
35908620
32823628
32067619
35640714
34054543
32674313
34007269
33719859
35288241
36496360
34645612
32573315
35229396
31996320
32014456
35657105
31587272
33942851
34881785
34403740
35455030
32307222
35406631
32765037
32129924
31928132
33649532
32630674
31812697
35453655
32565195
36504076
32942003
34506131
33754041
36346333
32495722
36057985
34511602
32039173
33783320
35273152
35831908
33135320
32989819
34335940
34639063
33255835
36382642
35580604
34880403
34298133
35165866
32703873
35321751
32670816
35461310
32960680
35414025
33948390
34571949
34217360
32843100
34790823
32437958
35116690
34685685
36494022
34838727
36387057
33673439
33053669
35138146
31379249
34045496
33267708
32284743
31659256
35154490
34349109
33270996
34758363
32411704
32790954
34726962
34331036
32784058
34659903
34311864
32726125
32774774
34779489
33156368
36082218
35743211
32582706
32387458
35774603
36408162
32247579
33393366
36091807
35697233
35403137
33669877
36230979
32906784
35806150
34380561
35281928
34839795
34771718
32807225
33851139
35973936
32357219
32762616
33230464
35117424
32918543
34908415
34077419
34943872
32751963
34070401
34202548
31386899
34769197
33987439
33726796
35747752
34086893
33138135
31896026
33413028
36063977
35884996
31841063
32169098
32106378
31908026
31876192
31468584
35386539
34959868
36387221
35982178
31907349
36145459
32514688
33987181
32953807
32116708
33249989
35860429
31866416
34244887
34663331
35311017
33431737
35882624
35304223
34980273
33896366
33665668
34706232
32804155
34158522
34141705
33986251
33932238
32791401
32029894
34528694
34956177
31975410
33520368
33099946
36481484
35978835
33317322
33180389
33439200
33946484
34621010
34609770
33205598
34917098
33112540
32067991
36002360
34476216
34580365
34622922
32616830
34997949
33354770
33152324
32231663
34601398
32780567
34460438
34493628
36188553
33171577
35994048
36508247
35462463
34750375
33321911
36495123
33168658
33667358
34782372
33534053
33172332
32944643
34361052
35488119
33093450
33119550
35735630
34539860
36365094
33766750
34449596
33925464
34494606
33614490
33268027
31921549
35677515
32294550
31930531
33061808
32727824
36481094
35436985
33722705
33106317
32807067
36481348
35098108
32223928
35055132
34805181
33155663
31963204
34428517
32252876
31969562
33392197
32774472
34257544
33442400
34996966
34086974
31916238
36300799
33738673
31068071
32156749
35677429
32207633
34569159
34351902
32901884
36372898
34586597
32764978
31989842
34777688
33086879
34943028
36497185
32051394
36139512
33409275
33342330
32185906
33970775
35738103
33287574
31914606
31748891
32699806
33912030
34135913
34798468
32627970
32464696
33219685
36371383
34783291
34138895
33494691
33887066
35397422
35897685
35805075
34464601
33026807
33920542
32719312
33292257
33049665
35622606
35434811
32244227
31943158
33671514
35933519
32563986
32691991
35797901
32835762
31874443
33860036
35181947
33062137
31987044
36291856
32486891
35966289
31751567
34499811
33684809
32815562
32332700
36092168
32753672
34711912
36278171
31936236
33201407
34101533
33459048
31774048
33316131
34836490
35740374
36145273
33070669
32855355
32215874
35008495
33669052
31362587
36069330
34947945
32825566
31967368
33870211
33908580
33251462
33198082
34704011
35067737
34764997
32324396
35429605
32319226
34443546
35406777
33334055
31462734
34358533
35173546
36233113
32945501
33227411
34850958
34311746
32753972
33787147
34612140
32368828
32219372
33602932
32943609
32511278
35236368
33166766
34889504
34659528
36291766
36283764
35428762
32411126
36293326
33777963
36399643
31935471
33452400
33790644
33052704
36279679
34064197
35503435
34695513
34382915
34036398
32973326
32237067
35422963
33663509
33809079
33503439
34208589
33746607
36393846
32848387
35850753
35793739
32171988
32154590
34680556
36395769
36119470
35216267
32096264
32369772
33725002
33391472
36202053
36088911
33500732
33823204
32043075
32156660
32560616
33716240
35806184
34979392
35663406
31952056
31993881
33917010
33839684
34898576
35265629
33081599
32021425
35449452
32209448
33375106
33146705
35222379
32549375
32034716
32164337
35606363
33298057
33294275
33571664
34692527
33159513
32397800
36221902
35354475
33287559
35656147
33187456
33609317
34804971
36124714
35198567
33495632
36499030
33117704
34308254
33643041
35658225
35899120
32854217
32360483
35707368
32406319
33145763
32200656
33081032
36278631
36040386
33675143
36329049
33931930
34873318
31982489
36377590
35579620
33413409
35931119
33637808
35697078
33859162
34880123
36210339
35468037
36012510
33362215
30982432
33065148
32587518
31844253
32566037
35728260
34424124
33298250
33185829
35875981
31880208
35204181
34031216
33952451
32644844
32251287
32027089
33237393
34341928
36011046
34069611
33358949
33348171
35533906
34077757
34882306
32493957
31996710
31770526
35399726
33058999
33566442
33235467
34360994
33746968
33614502
33917328
33498201
32511893
34786185
32457939
35470757
33679977
32449635
33580835
33797380
34735880
32339541
30834841
32454006
33416261
33946527
33785602
35764633
31953486
35459212
34488902
33198772
35737835
32690101
33446010
33805142
35298976
32791154
32293500
35996983
35011593
34472721
33063954
32765083
34590154
33318625
33182253
32945379
31736340
35840557
35731698
33121682
35790913
35435532
34396744
35550146
35119449
32005807
35483189
33382472
34863821
33388433
36014414
31857374
34715254
33127517
35942097
32003019
36219718
34961460
36063486
32597573
36204881
34896544
35966581
33446200
36263177
32866424
36012576
35025762
31625269
33732380
32848130
36357365
32324343
35697119
35235784
34875997
33875785
33473217
35987807
34476212
33116192
33093596
36111332
35864494
34356609
33414994
32440158
35070998
32328120
33704264
33009209
34786477
33049664
34512159
33393215
31926252
32893325
32610045
34540840
32762546
33069104
32043463
34924331
36291722
35408859
35277179
32411238
32005941
33520915
32435158
32265228
32780562
33917763
34599143
33399232
33922139
33076271
34379013
33277461
34094686
36245401
36162502
35442628
35250559
34359775
34171351
34101247
33028954
34287872
36343798
34432599
33116637
31348993
35406541
34749765
34363546
33484436
33129231
32061772
32770509
32267258
35118077
35965522
33112793
34747628
35712750
34162842
34073238
35311452
33087696
34152938
32100392
35786332
36502521
35022897
32506201
35809375
35856421
36419486
33755436
33052348
35334283
34376999
33241810
32070145
35440318
35350566
33982761
34707997
32605216
36216654
32783363
33750398
33664668
36188121
35985611
32354054
34085925
31628467
34299249
35415320
35027951
33117153
34352711
33338421
35986549
35770401
32147971
36045663
35388975
35026404
32010609
34323141
33956155
34774660
36267578
32683043
35013174
32138899
32730909
35205670
36439184
34926692
35785165
33922062
36329028
35943251
34783585
33562765
35996358
33978839
36034839
33299132
36430920
35711771
34933679
34545414
35081345
32600728
36093402
33128264
33207739
31951027
32876528
32563004
35453434
34995734
34454479
35855570
33404278
32093151
34475995
35221932
31644944
33607208
34787961
34494933
34316277
32807832
34119621
36427534
32721508
32472393
35461314
33244095
35719931
34381705
35752077
34453902
32144238
35562348
35945536
33717260
34233024
36367942
35545034
33972683
34131310
33468252
32722658
33953176
35122954
34802379
32804006
31337872
34974132
35740317
35366418
32515291
32010489
33516270
34566648
35000205
34766255
35501226
34745961
34164422
32831115
31883602
33014885
35183509
34804927
35642724
33743656
34459017
34566636
34359652
36039055
34492311
33484951
35011730
33081836
35493763
35857791
34199484
35092683
32308745
33706682
36320251
34155207
33652909
32884989
34813314
32606957
35805119
32895203
36114513
36046853
33291708
34778084
32249716
34884727
32265714
33717646
34858839
35600860
33319489
34831275
35399999
35780247
34386062
33966044
33414455
32878938
35646533
36396656
33198356
32968282
35547655
31903135
35069910
35807286
36246634
35402264
31922213
32744956
35844970
35106510
33570005
35625764
34112145
35082401
32154249
34331897
33797912
31916560
32693055
32686708
36345832
33243746
32218414
36481789
35011516
33244087
32487570
33150660
35115945
34751932
32385330
31931659
36140200
35563601
35159680
35517505
32723567
32581782
32079455
34882900
33300447
32599978
32170938
34761330
34644595
34422970
32321921
36172186
34760707
35843474
35065714
32084429
36291902
32966340
35404405
33346004
32905515
35151318
34654937
32401768
35135609
34277408
36222379
34762761
34060393
35569550
34627792
33718157
34315875
34638318
36199215
33160622
34152346
32814541
34209019
33222664
34660304
32742194
35186766
35093492
32231201
34291435
32561763
32655130
35308251
34305942
33895500
33784507
35806366
33906557
34533888
34788596
32525583
36080397
34974960
32381180
33290695
34208196
31366282
34486088
33171306
32827851
34512232
34616873
32334819
35022320
34359925
33073770
35725019
34155709
32099325
31951200
33564015
36504376
35879267
34885950
35954362
35326371
33278499
32382009
34826531
34571991
33263927
33025907
33176558
36007396
35685455
35184387
35346775
34239844
32316584
33515382
34580816
33918637
32975633
35550011
36116133
33014057
32593127
31286822
34088011
32599961
32784680
32356659
32247577
35637197
32088816
34439303
35306288
34429133
32509848
35110535
35704091
31406304
36039738
36028390
34963565
34026649
36479482
35975845
36076585
35498135
34742683
31986423
36046356
35598250
34829701
33080329
32561319
31937935
34088666
35051357
36222847
34768069
33427493
33313196
35155437
35152910
32393312
32610562
35681604
35525812
33218139
35153759
34131394
31112797
30277143
33395072
35637410
34601042
32329689
32104285
36467687
32500147
32085585
32627938
35849264
36394332
35891458
36117234
35348194
35351373
32584265
32638014
32034134
32855395
33923083
32867814
34416910
32098821
35721822
33807856
33238864
36308643
36120367
34353439
32076097
35408483
35486068
34523850
36111652
34198850
36499160
36165580
34598317
36202064
31531812
35633564
34671015
35366261
31983567
33285127
32515470
32099365
32435640
32085947
36302799
32662822
35760911
33138314
33590792
36082126
32726914
34026785
33499163
33348166
34473898
34396980
32720736
32385243
36232888
35304469
34330919
31753399
35041460
36097006
34621733
35220404
35179159
32963011
33125630
36262285
35237380
33850225
32873786
32998713
35750662
33107424
32751882
32229537
34082956
33411355
35284594
31877409
34678982
34250255
31940915
31768005
35814444
35313339
34986950
33707587
35382078
33080927
33542201
32265222
34369083
31863866
33894381
32231733
34262016
33964997
33055216
32256964
34847745
31932716
34475121
32821100
35155196
34778250
34572737
33335400
36105316
35481288
34797672
34462635
36509805
32063859
36319753
33536413
32979259
32516967
34475520
33649534
32164429
35294551
32513919
31672605
34885992
32894370
33749503
35443725
32111854
34121201
34245864
36353542
33987937
32504326
33499365
32132384
34765287
36271547
36419945
34422997
31762160
32728614
36303840
32385034
35847022
33061794
32774710
32698746
34979914
33902615
33396725
33623532
33126484
33795848
34055643
32992019
34299056
35883685
33613100
34480124
33479195
33446636
34423028
34238932
33076962
35856443
33732328
32403276
35796459
34010493
32934078
36094079
35847361
35048023
33847207
34034472
36191428
34771481
32168899
36091117
33924874
32247583
32209033
34309113
36059609
31966053
32360962
33219218
35224149
33496706
33338748
31853313
33761849
35151662
34070854
32085583
32623953
35956876
32575848
34675658
36139685
32390834
36386217
33020011
33053749
33531990
31733570
35656442
34988010
34992407
33485842
34706226
34363353
33207558
32938685
34663797
34829589
33087824
32571143
34136065
33849387
34087900
32179477
34475094
31562955
34013212
36273122
34440840
35708074
34082485
34043989
35838483
31874167
35543192
36191214
36171540
34846852
34790384
33507584
35884943
36332474
35456010
34487892
32113164
33801879
31889334
35201655
34740973
32883633
32566584
31650902
35124196
34930379
34624678
31965935
35207698
34418535
31880318
34136492
32299028
35914560
36158077
31618686
32187960
34745515
33644904
32500036
36028958
35908280
35755313
34689010
33394200
34806369
33657313
33268902
35209812
36348274
35615263
32719443
33760217
36418890
33473107
34536545
31588704
36338714
32528965
33520711
35631131
33013272
32999845
36121194
31276783
31924241
32594276
36122806
32957040
35460927
35418865
36325146
33292042
34136389
32831926
33404280
33470511
34847639
34944758
32953528
34488032
32397873
36123332
35928281
35503449
35496060
33113504
33166909
34524948
36170029
33857856
32323805
33989699
35330670
34929448
33809973
34069820
35987020
32944829
32127787
36186735
35277058
35127525
34352998
32061953
35293148
34429100
33906303
33418500
32374676
33674559
36214813
34737957
33949529
33414399
33854437
33052780
32532319
35211759
32284171
33767588
34782660
33769048
32138578
36436947
35965309
35641485
32582993
32294415
35285752
34901460
32814570
32344283
35449295
34429771
33634129
32100402
32096279
34249899
34829691
34725334
32856880
31381897
35351824
33879840
32384197
34685613
35484335
32767962
34445070
32339374
32519766
35205613
35074687
32285907
35783262
35680871
34478029
32092124
35563397
34539897
32921987
32149569
34852220
33823390
35581622
36213789
36105214
33406405
35277658
34632918
33092205
34572443
33402459
35633614
32337819
32244196
33807278
32369692
32000636
31883912
33116874
33498933
32802177
34721771
34485153
32554905
32395073
32392913
32283712
31998650
36192295
32881653
34729301
35316453
34046368
33438469
33401672
35598689
34164906
35949290
34599153
32060137
31142229
32210574
35811845
32857324
34656395
34356465
32159197
35224793
34051289
33037618
32466233
32308772
36331284
33242831
35258392
33982777
32787747
35877899
35053420
34299246
33061947
32304040
34902703
33450825
32344837
35184132
35784483
35256275
31840883
35675754
34956377
34235141
31922247
32019420
35681210
33297928
33268555
36230594
34979906
32278350
32851548
36010843
34564032
32987287
35136485
33500708
34942985
33887610
34720029
32312748
31812675
33202207
32966896
33340545
36081669
36010548
35187885
34931127
34345305
34311532
34264513
32927667
34222330
33490073
36325671
36274211
34457023
33990205
33158300
33117129
31954097
36382664
35953953
36204681
33147760
35721581
35465017
35646898
34419533
35326612
34509603
34173333
31985474
32593663
36235333
34069147
33799952
33640894
36161054
36079576
35203722
34082794
32906721
32710395
35285760
35155266
35067006
35952948
34751072
33569087
32368386
34502219
33466402
33462191
35250566
35405176
34919987
36116561
33111484
35021972
36386204
33574236
32802124
35621952
35927755
34771576
32921320
31903660
35419253
32859034
31285534
32900244
32220540
34778262
33540700
33051438
34572126
36152910
35404932
33730643
36347832
35545128
34710755
35148221
34939387
34415495
33461453
32198276
33186655
35740562
34830285
34226520
33011222
32441923
32346919
34594356
36214796
35984029
34540235
36245983
35948198
34460104
32485283
36300783
31651224
33890542
31493129
35166693
34522224
36096424
32800344
31016386
32434918
33219302
31622602
32597960
34422809
32008177
32132657
34311858
32660440
35145060
35365663
36276493
35530318
35895684
32801639
34702182
32999660
34293698
32062455
36124427
33176207
35676831
36293542
33729002
36172670
34616110
33617857
35284625
36284011
34580369
36406283
32780726
36291629
36299884
33912564
35711849
34422977
33312355
32344257
34120541
36296386
33957094
35223839
34855109
34286881
33465461
33235545
32650419
34575899
32326050
35917687
34482165
34355273
32035100
36405738
33172378
32257924
31112799
35682202
34316048
35992823
34858525
33685190
33403369
32587855
35887251
35324188
35163745
33178014
34313548
35988422
32851973
36321403
34950835
32564755
34052413
34203465
36036446
34886882
36295538
35044499
32774133
35864955
33024131
31918411
32944398
33412213
33078210
33038805
36469173
36348375
35847867
35336860
33277233
34490108
34606782
33328639
33065603
32448431
33079558
34522213
32900355
32807051
31467365
34070455
35820507
31877332
32927022
36091646
35358582
34725423
34847852
33988779
35205604
34616505
31958040
31953044
34522448
32549793
31786131
32088262
34208077
35263052
35022380
34020028
36132889
31894274
36104717
34264570
35950373
32613554
35681764
34535975
34276101
36103914
32021111
33593821
34571731
33108756
33898322
36423860
32106407
35050786
36264642
32922477
32860925
35169022
33176581
36035010
35892629
35504950
34952041
33803410
32388040
34064392
32751388
33426580
32472692
32696989
34139324
33818279
35906617
34139302
33448320
32932978
33557173
34182011
34099061
33116873
36330100
35091089
33771977
33613116
33500626
32736231
34773069
35282646
36109789
35844616
34690502
33731709
35410237
35589014
35149669
35621165
34302147
32966780
32345540
35921949
34849158
32001313
33393119
35222643
36371565
36035281
35952372
34324440
34243634
34064787
32526455
35801590
36495698
32715615
31897192
33824293
33148420
35092699
33307763
31912905
34069373
35643815
32943616
34937577
32320344
31908013
33869028
33659252
32195266
34234457
35716277
34438008
33130515
32989246
33539684
33629745
33497609
35173828
34055630
32841659
34303380
35952577
33921245
31858905
32839434
34467249
32116684
36100611
33288741
32651553
33753903
32636381
35988102
35582406
33074128
32774755
35563174
35070357
35008442
33831396
32843618
34829672
31985048
31677065
35668402
31932738
33947846
34002944
35354808
33932728
32605658
34749973
34407291
35035775
32050631
33912163
33406440
32066854
31823156
31705132
33792091
36072341
35359402
35346867
36314337
34681807
34314755
33174687
31758940
34916371
33855029
34500043
32576130
35793737
33733478
36408134
32787089
35064485
35795855
35543245
34063807
34108446
34890308
32755651
35269471
34547144
33378970
33047871
36347926
36096942
35208984
33748757
33658337
35301011
32248711
31899343
34770956
32726575
34609868
34601022
33339765
34037656
35173167
36271256
35705657
35309123
32822209
33712445
35434121
34738418
34680868
34163720
33968991
33854970
32585857
35813818
33981241
32478067
36043713
35860570
34069385
33428895
33025314
32944667
34660673
33495420
34691728
34638233
36206102
35873020
33794549
35064413
33390834
32143618
35868168
35083142
35242876
32776088
32020220
36332600
32211413
34649218
33373038
35617878
34725206
34361543
35234341
36297281
33915157
33785447
33242077
32783998
35223931
34067322
35708049
32576196
36121321
36076606
33600860
33194757
32283222
33686057
33636292
34641874
33965376
33918290
34846938
34361036
32443649
33527503
34361780
32525278
33429022
34485698
34387383
35843034
34311871
34615546
36069342
32801055
33924293
33920160
33114780
33692947
32409746
35720480
34976343
33054172
31771326
35322049
31600860
34290668
35587686
35264466
35180305
34735882
33300617
33086019
35933633
32950675
36426933
33939900
34884975
36139701
32437694
33417255
35749736
33435156
32890460
31974402
36430694
34356312
34096604
32390359
35436470
35264092
33459136
34202812
35653569
34016143
33230810
33428749
33307164
32982225
34620841
34299186
35285843
34881176
34793617
33472174
33367927
33340459
32717965
32322927
33414432
32002302
36108874
32014401
34523043
32368142
31894292
32988344
34994382
33946854
33152920
32796887
33201252
31823663
35226222
32561074
36347835
35451872
34023506
33384144
33104522
33089967
32286254
36477079
36010664
35533608
33203845
36096451
33671452
33530486
33019464
36370483
32105670
35373701
32011477
35256949
33392921
33113339
32847060
32422136
32195018
36432119
34035268
33749521
34779410
32619557
35562364
36248254
34305655
32962465
36005616
35565231
35009024
35000000
32098350
33318080
36359936
34883212
33401021
32597089
34981843
34392823
33557398
32471220
36091124
34405011
33714759
36441452
35502292
35367708
35340218
32733879
35953758
36081558
32848804
32274722
35814435
34289841
33685092
36081941
32349327
35702130
35004697
36005154
36451864
33387871
33562002
33478005
35212928
31838085
34183647
36243652
33352232
32380129
33853474
34571935
32446712
35182325
32527169
32898523
32515205
32412667
32360851
36136959
34253886
31813053
33062956
36144288
35985563
35379783
35257833
34382528
33160002
34462379
32605008
31863763
35756970
33730050
35508613
32702633
35013142
33397898
36080200
33177128
36114339
34925465
32064876
34345172
35008682
36174026
35968328
35759348
35572679
35216169
34528309
34506903
34123855
32973867
35142667
33321661
33176667
32027562
35636179
33802807
36457513
36355517
35401556
34454931
36111979
34760336
34681196
33508621
32914792
32579188
31907712
33325699
32046241
33718356
36421423
36335094
35695426
35200349
34393776
36009200
35929287
35740330
35710077
34927008
33424929
32236596
31749433
31550150
36397452
35307412
33816280
33538734
32473167
34728551
31979082
33760170
33217447
31710386
31877318
36302395
33501756
36293239
33419963
35912209
32559147
34641334
31806641
34920697
33830641
36204321
34764459
32280357
33344645
33933142
34016083
33110473
34835956
35877717
34903602
34502549
36429016
34958115
32604738
32044396
32144446
35641874
35546513
34249438
32903766
33602253
32519340
36253096
34641863
33610037
33610508
32160108
35395369
35335367
34323910
31462712
36056952
34175687
36198236
34567283
33982869
33424539
36162331
35836256
33831753
32634331
33391516
32627454
32090983
36428598
36027945
35248696
35118067
32132875
35113411
34339814
32620248
35226260
33061434
31369817
34065960
35340790
33440739
33344269
32775753
35492191
35965565
35739271
36130456
36230613
36179123
34981050
32973302
31755502
33687564
33644030
31698185
33400913
33053804
34884419
34610198
34309456
34124291
32751699
31759977
35456915
36378476
35764553
35059656
33897760
33807506
33039055
32563177
32175770
35001811
34262466
36447531
35004674
34911014
32308807
36194971
34006412
33512746
33133258
32788721
32298459
35448455
33261897
33069804
36282109
33861437
36502630
32468056
34384029
34016957
36207761
35153780
35166018
33153820
35091545
34063867
33262524
31545550
36212775
34462526
32544316
31870841
31142807
35878418
35401175
34944485
34485865
34405013
33011392
35548329
35269636
32542449
31913283
33329046
32520682
31966070
36293534
31963113
33641223
33373332
32400277
36087066
31525119
35774605
35052621
35038549
33445767
32401758
33673713
36152915
36447031
36226181
35733940
35355421
34672766
33575875
33416152
32285266
34108628
33577977
35853101
34068900
33572111
36472716
33570919
35963853
35686620
31155933
36139145
33030392
31545523
32998997
31270811
32790341
31774307
33110214
33070080
32768966
34684023
36175804
34531248
33374938
32924761
34065600
34277417
33742165
31310445
33572787
36230494
36002132
36140161
33061845
32431515
35862315
34671398
34254911
33202541
33135311
32406258
31949499
35362393
34707698
33847360
32162677
35053211
33801279
31931031
32597705
32185805
36122549
33514910
32911753
35368077
34069772
33668328
32197476
34949650
35887137
32890553
32311840
36125914
34065886
36251517
32573227
34236519
35571123
35370022
34779018
33846303
32560270
32530132
35927232
35852215
33309673
34874916
34653635
36313902
34641493
35305635
36232329
36092347
34586760
32193608
34162834
36372154
36274989
36036451
35069211
33718385
33629335
35677052
34208562
33412518
32317087
34552954
32565942
32318341
36330760
36157505
35415297
34910369
33232666
34854395
34743202
33001012
31646527
35954334
35675209
34457350
34321173
34208576
33818184
33783250
33179221
35757728
35490316
34768937
32114443
34580902
35164792
32297735
31884339
35359600
32345326
35666536
32483362
33338094
33338480
36469690
35876659
32242030
36063584
33920484
33686239
33425217
33330446
35818263
35256587
36445937
36371529
33995632
33993438
34521930
33452816
35641782
31822118
35737188
35055021
33452331
33197900
32041790
32157437
36308570
34068110
36232425
33445442
33305856
32057231
34402289
34363234
33359761
32492043
32058690
35976233
34452996
33218484
33812997
34314075
33037185
36162545
36037747
32283819
35113247
35626132
33802957
32581557
34482023
34482636
32371583
34430344
33028955
36110206
36090999
35912188
33504218
35479511
33019842
36168316
36033530
33100093
36369903
34952225
32778143
34439955
36234962
32526242
32867178
35281095
34786044
33494763
32762544
33235386
33843059
34631705
35658245
33293826
35860558
35720498
34063559
33371204
34067074
35233921
36138802
36119539
32792860
36362381
32761562
35296559
35678504
33065796
31794921
33174608
32536012
34638847
34348154
33953348
34830011
34716429
35507982
32344635
35664705
35662730
35319371
34483932
33912033
33817484
35195922
35759452
34109432
32471883
32827762
35792180
35509820
34649364
35207890
32420171
32410444
32152947
32121253
35777332
35419056
33182548
36231140
36217274
36154598
34750310
34407830
33878951
34109028
32039148
31830881
35732115
34638461
34616150
33243969
36191781
32304130
36077039
34546848
34153643
32341329
36436593
33218897
36341760
32833957
33895525
35608100
32114385
36012358
33051434
35660414
35068326
33854041
34935629
34071918
31963129
32070025
35873796
33441685
32839414
35662282
35440104
36047971
34087331
33383780
31935456
35655488
34663417
33495511
33049087
31919869
35898781
35816172
31982457
34103583
32705266
32258043
34768896
32034646
36460880
36000398
34641325
36393861
34577048
33590722
33457004
32224191
35011354
34261920
33798787
32857135
33204156
33115283
32679191
36481655
35498295
35019938
36068012
36203459
33915703
33858739
32726747
32700988
31932607
33835526
32334542
35477002
35387119
34361946
36331508
34305609
32003685
36322340
35281871
34970416
33336828
32801743
34206811
32526853
34282830
35931117
36079662
36256516
32504044
35842566
34250759
35912150
35121870
32690943
32175386
36116236
36037786
33572239
36032960
35159001
34820578
34268112
33477420
33390845
33347828
33277473
34243633
36365098
35889396
34961767
34053426
31937861
35032365
34337348
36229578
32216738
32384682
31585897
34912814
36369010
35174167
34255975
32605877
35917883
36193584
36073729
35929424
34856333
34820379
34556786
34360659
33988819
33330044
32573639
32517215
35964052
32565538
35313846
31666684
32422359
36453571
35479430
35370635
35211470
35147165
34033093
33218066
32799865
32256808
33852843
35462576
36416440
36042115
35850827
35804909
34965982
34930384
34365594
33991978
33954114
33915415
33527587
33322413
32947043
32642697
36233088
36111766
35948047
35790698
35379808
35201486
34107837
33241559
30917630
36139919
35809665
35982909
34769368
32968279
32884453
33995657
36044577
32907379
36115181
35858573
34432208
32747421
32659072
32078308
36291604
33149686
32717439
32948684
32132711
33569875
32694279
34345207
31197522
35178356
35593053
34663410
31874109
31963147
33509300
31657476
34743246
32566040
34271102
33294372
36078164
36087269
34119930
31961485
35565917
32957725
35117788
31900950
34128834
33960390
36497496
34071057
32368784
34163012
34771587
33536245
34360946
32326360
32057709
31354022
36230902
36400343
34237460
35456960
31900418
32237321
35029032
34717019
33043330
32986146
33645631
35939198
34717896
34833970
35566311
35456673
34884508
32717483
34262589
32633461
32559584
34803511
36145271
35956961
34231343
35504316
36360316
33907910
33632871
31922357
36005521
33902658
36232688
35140506
34224332
34099897
35921710
36446024
33731667
33837018
34723746
32394588
35956298
32180768
35884836
31893575
33981707
34453706
32363191
33582407
34162854
31754071
35504321
34831045
35066605
32513151
36207416
36203777
35327528
34689082
36071274
35897914
35008212
33965862
34302980
33856653
34902296
35006429
31900072
36066844
35965681
35592329
34532137
33347603
32521698
36389068
35721116
35562037
31964871
31740782
35358824
32664576
31959998
32762026
34830108
33429249
34272796
34077306
32642699
32355762
34339914
35426574
33331649
36015092
33670497
32910542
34615464
36452344
35715817
34363313
32451848
34935548
34572484
34424445
34159683
32640729
32823793
36423787
34266953
35490242
34747128
35611248
32484691
33692360
35341013
33547489
33420375
34257406
33805714
32933997
32232483
35724510
32284607
31837323
32860808
35257481
33469679
33303989
31177901
34997546
36160391
36044118
35175277
34723421
34508709
34313198
34174036
34096002
33908968
35989353
35892888
35883615
34831139
36428613
33976389
32224850
31509606
35989033
34348992
33602906
32732965
33664437
36310223
36238546
35987825
35326461
34601228
33720221
33683276
33255783
33148057
33001284
32213135
31432544
36471531
35577989
35568976
35115939
35111811
34899376
33782503
33421769
36509146
36375471
36290754
35573301
35205692
35038288
34986513
34814316
33670536
33617479
33588102
33229260
32087559
32764426
36362406
35725558
36335763
33155080
35138901
36194314
34298687
34876687
33561544
34768959
33883278
33510228
35875069
35533369
34851506
33538660
33449164
36367181
34120606
32943618
31664166
35638412
35174150
34198834
34360883
32275117
33318473
35608066
34253819
34990402
31504812
33107683
35163279
32336756
34955686
32089770
35771494
36170234
35668839
32561639
34327238
33723373
35449308
34264027
31898520
34769507
35053485
34777687
31612353
32474853
35945223
34166611
35337853
35131878
33620660
33422762
32016770
32663487
35288618
34843960
34523825
34863979
34782665
33761611
36455487
35902580
35159039
34858415
34455779
33573353
33429981
35879248
33782392
33335289
31556451
34071809
32264877
36219392
34482070
35760104
34639177
33870741
35810594
34118966
33526872
30663559
35854300
33510458
35997391
35332208
32468038
32129994
35063704
33507460
32992072
32742458
33466806
33203053
31981472
34279168
36176756
35908627
32885002
32725355
32061163
33902208
33764774
35842983
34036571
33035318
32323803
34976182
34295519
34197092
32942149
36470859
34697761
33504098
34872976
35503263
35039539
32444616
35851063
33713737
33758420
33087509
35463822
31919280
35804267
35728768
34486811
33660226
35743272
36309485
36111431
35411094
35211545
35114214
34939380
34770917
34740314
34621665
34178029
34151411
33449614
33054344
32119989
34396283
32957886
36361735
36232320
35895156
33783315
32830322
32767925
32686726
32193951
34675191
33230821
34913280
32455657
36405253
36358853
35671789
35201500
34370778
34322395
34065345
33757279
33635505
33503913
33351113
32952337
32679288
35697319
35163207
34992508
34959438
34930907
33245190
32828302
32233996
36127345
35798928
33860275
32293796
33979647
35390277
34482067
34089944
36401337
32809300
32298810
33255287
32667058
35136031
33669781
32702586
35348729
32190174
35411088
34821219
34424553
33186152
32844568
35653269
35164207
32558259
35015917
33035814
32376874
35948564
32996079
31882480
32784494
36076555
36114206
35350378
33330513
34938960
35884547
33344241
31806376
32176694
33548911
35945579
35056546
33803130
32466571
32286280
34503102
34482824
36378053
34190023
35118587
34930313
33389848
35646666
34673013
33510997
35739280
35595767
34997858
31929511
36352191
34932879
35764612
32679188
33713969
34631716
31613002
35864246
35175796
35524319
34884875
35678235
35008461
32375296
36378658
35561222
34745852
31961824
34142094
35804280
34405338
32571920
31819178
33402128
36411275
36135864
35982032
35197821
35182526
34302001
34135893
33377550
32915414
32853526
32568542
32319656
34777012
33994806
32560057
32151493
32110947
31963513
36438202
35779423
35624190
35577075
35128812
34912111
34606997
34221965
36437551
35740096
35574327
34833937
33846297
33820826
33672784
33321953
32820252
36233176
35807549
34646087
34236840
35807802
35725813
33060198
36435842
32278045
36273268
33837850
31270582
34877948
34223709
33834258
32617785
35313331
33420377
32758567
32009962
33755286
33667686
33623783
35859173
34069552
35810693
32257389
32189414
34972989
33470993
34893540
31688928
34407567
33441311
33303756
34414377
33742137
33430525
36409725
35816876
35073960
33724593
32831131
35879364
33663517
34645799
36497294
34398442
36220835
36092803
35912096
34391196
33671097
36110422
35593040
35192551
33811715
32630768
35979894
35651787
35509151
36006861
35624861
33363155
32893973
31309556
34576334
33637686
33851776
34831258
35452587
34697296
35184413
35740979
32832656
35752612
34907161
36169652
36296960
34944720
34392236
36152592
32920359
32394479
36135640
35651729
35447256
34801707
34790582
33989986
33083279
33172093
36084880
36007389
35972579
34237165
34193890
33752745
31920439
35639219
35431492
34733272
33140312
32164044
36046822
35937391
35392800
33525607
33112208
32144252
33854232
33999923
34713347
34072003
32892147
34478906
34289530
34159727
31785103
34580330
35616058
35459184
33308480
35057792
32063747
36120829
33723042
33598715
35077860
34995782
34959175
34615856
33027658
36404134
32811354
32589399
32430012
34599146
35220675
33922182
32745723
32814032
35413961
35386360
34499406
34368155
33141328
33507700
36247500
35681452
35349097
34416478
32866521
35946309
35455641
34737089
34695412
33103077
32976949
34773645
35119667
33802978
33629929
35840794
35328780
34353059
34198814
34068010
33475065
33422617
31954766
34367308
34356663
34270178
31931385
36421005
36144833
35968812
35380992
35240890
34920165
34511965
34389456
32577785
32153186
36291596
33803403
32713851
32121273
34517018
36099266
35081253
33326776
32321249
36264173
33184117
32905804
31925317
34824242
32896947
35453019
34331013
32454391
33781846
33653967
33845483
32369020
32515674
35503470
35077651
35005527
34326461
33693711
33673235
32971786
32360748
34287641
32859902
32799332
35805090
35585066
35441168
33901008
33617523
35325730
33666175
33147503
36109783
35593968
34951719
33690841
33610815
33101470
33044191
34381026
31941010
34699765
33550458
35120529
33650599
32350120
32191726
33742095
33602225
35879030
33234350
33223511
36382092
36228376
35764179
32419511
32370496
32156363
31361392
36273228
35158994
34481907
33802238
33397937
32294465
36067704
35908250
34162754
32366200
35412885
33854239
32051227
34282994
33301810
32353422
35821438
35681645
34311319
33147876
32019866
31937877
34529665
34516892
32970608
33474949
33054136
33112575
35078814
36426134
36189975
33684179
33140839
35628458
35019856
34242726
34039348
32696211
31991829
35116408
34499658
32559816
36145687
35119676
34099896
32817393
32754875
32376785
34001851
35224849
33229547
35269496
35551368
34769387
34983615
33074585
32666604
32665411
36028178
34144027
36475748
35182885
36265255
34134693
33373316
32961999
32367200
36418320
36228830
35688553
34069278
32424153
35964126
32746880
32728216
34808193
33410599
33329006
33139717
31953038
35357290
33749163
33656802
32377852
36380418
35787932
33427465
33069241
34603296
34000704
32915643
34542773
31649109
34161774
33888598
36099812
35071023
33258279
31049841
35460707
35421957
33028631
35224690
34165243
34763650
33641066
31837018
36346366
33243298
35944066
31957003
34472725
34385458
35933565
35986645
34650203
33563644
33184293
34167028
33961941
33077977
35321004
36408828
33097673
32398348
33296728
32840121
35130452
32801994
32625246
36160152
34672947
32900849
34162658
34308569
34796717
34322898
36170200
35963861
35887177
35129856
34995322
33586163
32578441
35145086
31629711
35751904
35724525
35572519
34303878
33781749
32004439
33921050
33577435
32542667
31434979
32326222
32632162
35695070
32612235
34114614
33634751
34203268
33462436
34851698
33297755
35997680
35787375
36112059
34638655
32273467
36286746
32103185
31992855
33876772
32587277
33036138
35866869
36290658
36102623
33001138
36029799
34638414
34830361
33682149
35415206
34991982
32317369
31996464
35461826
34260589
32193362
33521322
34873335