10000
10013
10014
10018
100188893
100287171
100302736
100526767
10053
10058
10059
10096
10097
10110
10133
10135
1017
10193
10196
1020
10206
10241
10254
1026
10269
1027
102724428
10273
10287
1029
10298
10312
1032
10325
10333
10346
10392
10395
10397
10399
10411
10427
10452
10456
10458
10461
10483
10484
10490
10494
1051
10524
10533
10542
10548
10558
10564
10565
10595
10640
10641
10645
10658
10670
106821730
107080638
10717
10718
10730
10753
10769
10787
10825
10855
10869
10885
10890
10891
10939
10941
10947
10971
10981
11009
11011
11040
11043
11067
11091
1111
11131
11132
11136
11140
11143
11152
11178
11180
11183
11184
11189
11267
11275
112802
112936
112939
1130
11311
11315
11318
11329
11336
11337
11345
1144
114548
1147
114881
115201
116442
116447
116983
1173
1174
1175
118424
1191
1201
120103
120892
1211
1212
1213
121391
122011
122553
124997
125058
126003
126204
126205
126206
1263
127540
128077
128338
128866
129303
130340
132671
137492
137886
139341
139728
140710
140735
140775
140807
142
143187
1432
143686
1437
143872
1444
1453
1455
1457
1459
145957
1460
147945
147968
148
148022
149371
1499
150094
1508
1509
1510
151176
1513
1514
1515
152007
1528
153129
1536
154
155066
155382
157753
159296
160
160364
161
1611
1612
1613
162
163
1634
164
164781
1649
165324
166
166378
1674
167410
171024
171389
171546
1728
1759
177
1785
1813
1814
1827
183
1846
185
1856
186
1869
1870
1903
1915
1917
192111
1938
1956
1965
1967
1969
197358
1977
1978
1979
1981
1982
199713
200576
2011
201163
201292
201475
2017
2022
203228
2033
2034
2042
2043
2044
2047
2048
2049
2056
206358
2064
2065
2066
207
207063
2072
208
2081
213
2180
219931
220441
221178
221937
225689
2260
2261
2263
2268
2280
2281
22818
22861
22863
22878
22898
22905
22926
22930
22933
23001
23007
23012
23032
23043
23061
2308
2309
23092
23094
23118
23130
23158
23175
23179
23192
23208
23229
2323
23230
23232
23233
23235
23241
23243
23255
23256
23265
23274
23276
23309
23339
2335
23352
23367
23371
23387
23396
23400
23405
23411
23428
23431
23463
23473
23522
23527
2353
23545
23549
23551
23557
23604
23633
23645
23657
23673
23677
23710
23770
238
245972
245973
2475
248
249
25
250
251
253260
253314
253959
254122
2548
2549
255239
256471
257397
25759
25782
25793
258010
25827
25851
25886
259197
25942
2597
25978
25989
26000
26052
26073
26086
26100
26191
26249
2626
26276
2629
26330
26353
26471
26524
267
2670
2671
26960
26985
27
2701
27043
27072
27074
27095
27102
27113
27131
27148
27183
27243
27244
27252
27293
27330
27342
27348
27429
2773
2797
2801
28227
282809
283254
2833
283849
2841
284417
285180
285973
286
2861
286319
286887
287
288
2885
2894
2895
28956
28962
29
29082
29100
29108
29110
2922
2931
2932
29904
29919
29924
29941
29978
29979
29982
30001
3055
3064
3065
3066
30811
3082
3084
30849
3091
3097
3099
310
3146
3162
317
319101
3265
3267
3276
329
3297
3303
3304
3305
3306
3309
3310
3312
3315
332
3320
3326
3337
3339
3357
3376
338321
338323
338785
3394
339451
340061
340371
340485
3428
344387
345611
3458
3459
3479
3480
351
353376
355
3551
3553
3558
3562
3565
3569
3586
3587
3589
3605
3607
3620
3630
3643
3645
3655
3667
3675
3688
369
3691
3708
3709
3710
3725
374403
378807
378884
3791
3799
3800
382
3834
3845
3852
3853
3854
3856
387104
3875
3887
388743
3888
3889
3890
3891
389524
389541
3916
3920
3932
3952
3953
3954
3964
399694
4010
401505
401548
402
405
406
4077
4087
4089
410
411
4122
4123
4125
4137
4139
4140
4170
4179
4189
4193
4210
4218
4233
4286
4319
440026
440275
440738
440854
441027
441925
4504
4534
4599
4600
4609
4615
4634
4638
468
47
471
472
4734
4779
4780
4790
4791
4792
4793
4794
4803
4842
4843
4846
4862
4864
4893
4915
4931
493856
4943
4952
4976
4983
5034
5036
50488
5049
5058
5062
5063
50649
5071
51001
51024
51028
51088
51092
51099
51100
51127
51128
51160
5119
51196
51256
5127
5128
51284
5129
51322
51339
51350
51360
51368
51374
51382
51399
51422
51510
51520
51534
51548
51555
51564
51606
5163
5164
51652
5166
5170
51715
51738
51765
5189
5195
5222
523
525
526
5265
527
528
5286
5287
5289
529
5290
5291
5293
5294
5295
5296
5298
53
5305
5315
5321
533
5332
5333
53349
5335
53358
5337
53373
5338
534
5340
535
53632
53904
53917
54101
54106
54209
5428
54463
54472
54490
545
54516
54536
54541
54543
54554
54575
54578
54600
54658
54659
5468
54734
5476
54800
54813
54832
54847
54861
54874
54922
5499
55004
5501
55012
55014
55040
55048
55054
55062
55102
5515
5516
5518
55187
5519
5520
55201
5521
5522
5523
5524
5525
55255
5526
5527
5528
55283
5529
55294
5531
55332
55353
5537
55432
55435
55578
55613
55615
5562
55626
5563
5564
5565
5566
55669
5567
5571
5573
55737
55763
55770
5578
5579
558
5580
5581
5582
55823
5583
5584
55844
55847
5585
5586
5587
5588
5590
5591
55914
5594
5595
55968
5598
5599
5601
5602
5604
5605
5606
56062
5607
5609
5610
5621
5625
56270
56301
56341
5660
5663
56681
56889
56893
56904
56924
56938
56993
57103
57118
57120
57132
57144
57148
57154
57172
57180
57186
57192
572
57231
5728
573
5732
57448
574537
5747
57476
57521
5753
57533
57535
57537
57563
57580
57602
57617
57626
57650
5768
57705
5771
57724
57761
57787
578
58
581
5830
58476
58484
58485
58528
58533
5861
5868
5869
5871
5878
5879
5881
5894
5898
5899
59
5925
593
59349
595
596
5966
5970
5971
5979
598
60
6009
6041
60412
6048
60592
60673
60680
6093
613
619373
6195
6197
6198
6199
6261
6262
627
6279
6280
6319
6320
6347
637
6376
6387
6390
6399
640
64067
64121
64127
6416
64223
643246
64332
64344
643834
643847
64419
64422
6455
6456
6457
64601
6464
64754
64759
64771
64798
6493
65018
6505
6506
65082
6509
6510
6511
6512
6519
6520
653361
65991
66036
6609
6615
662
6622
6625
6635
664
6642
6646
6647
6648
665
6654
6655
6657
666
6687
6696
6714
672
6720
6721
673
6737
6767
6772
6774
6786
6789
6790
6792
6794
6812
6813
6814
6829
684
6845
6865
6885
70
7009
7011
7030
7040
7058
706
7066
7096
7098
7099
71
7100
7109
7124
7127
7145
7157
7161
7175
7185
7186
7187
7188
7189
72
7248
7249
7251
726
7284
728642
729230
7314
7316
7319
7322
7323
7328
7332
7334
7345
7351
7363
7364
7365
7366
7367
738
7405
7415
7416
7417
7419
7422
7431
7494
7507
7514
7525
7818
7852
7855
7879
79029
79065
79090
79109
79142
79156
7917
7942
79443
7957
79594
79643
79658
79671
79720
79735
79799
79837
79899
7994
80149
80183
80243
8027
8031
80317
80700
80772
80830
8100
8131
814
8140
816
81603
81631
81671
817
81788
818
81846
81876
820
821
823
824
825
826
827
8295
831
834
83452
83460
835
836
83636
83667
83696
837
83734
83756
83874
83933
8394
8395
8396
83985
8406
8408
841
84141
84148
84166
8417
842
84219
84232
84254
84260
8428
84290
84313
84335
84446
84466
84557
847
8471
84749
84759
84807
84861
8491
84938
84959
84961
8497
84971
8504
8517
8536
85363
8542
861
8621
8626
8637
864
8649
8655
8660
8673
8678
8682
871
8717
8723
8729
8737
8743
8766
8767
8772
8776
8795
8814
8832
8837
8844
8851
8877
8878
8897
8898
8905
8906
8907
8925
8943
896
8975
89849
8986
89866
8987
8992
9001
90070
9020
9024
90293
90410
90423
90427
9056
9057
9064
90678
9077
90865
9093
9100
9107
9108
9110
9114
9119
9140
91445
91452
9146
91526
91662
91782
9179
91807
91828
9197
920
92140
92196
92291
92345
92421
93343
9341
9342
93492
93649
9367
9370
9373
9375
9377
9392
93974
9410
94241
9451
9474
9475
9476
9479
9482
9517
952
9525
9528
9531
9538
9542
9550
9554
9559
9568
9572
9575
9603
9616
9618
9632
9637
9638
9641
9651
9663
9682
9695
9706
9711
9759
9776
9777
9779
9804
9817
9821
9828
983
9833
9841
9842
9868
987
9871
9882
9891
9894
9895
9905
9915
9919
9927
