100
1000
1001
10011
100129128
10013
100133941
100144748
10015
10016
10017
10018
100287144
100287178
100287205
100287238
100287327
100287364
100287404
100287441
100287478
100287513
100288485
100288687
100302736
10036
10038
10043
100462977
100462981
100462983
100463285
100463289
100463482
100463486
100463487
100463488
10049
100506742
10052
100526767
100533105
10055
10059
100653049
10067
10075
10081
101
10105
10114
10116
10131
10133
10134
10135
10146
10155
10163
10181
10189
1019
101927423
101929983
10193
10197
10199
102
1020
10201
10202
10206
10210
10220
10224
10226
10227
10236
10253
1026
10266
10268
10269
1027
102724428
102724652
10276
10277
10280
10284
10285
10286
1029
10291
10293
10296
10298
103
10300
10312
10313
10314
1032
10333
10370
10371
10388
10392
10395
10397
10399
104
1041
10413
10428
10438
10439
10449
10451
10456
10457
10460
10461
1048
10488
10492
10494
10497
10507
1051
10514
10519
10521
10525
10533
10534
10537
10539
10541
10542
10550
10551
10553
10558
10565
10569
10570
10572
10575
10595
10616
10617
10625
10628
1063
10630
10637
10640
10657
10670
10672
106821730
10687
1072
10728
10730
1075
10752
10758
10762
10763
10767
10768
10769
10771
10777
10783
10787
10795
10804
10808
10818
1082
10846
10847
10848
10859
10884
10890
10891
10892
10899
10902
10904
10912
10913
10916
10921
10922
10935
10936
10945
10949
10951
10955
10961
10962
10963
10971
10985
10987
10992
11005
11009
11035
11040
11052
1108
11083
11100
11103
1111
11113
11124
11126
1113
11132
11151
11159
1116
11168
11169
11171
11184
11187
11188
11196
11200
11202
1121
11214
11218
11235
112398
112399
11261
11273
112802
112942
11315
11325
113251
11331
11337
11338
1139
114034
114548
114769
114786
114804
114824
114882
1149
114908
114971
115209
115584
115701
116
116143
116449
116986
117
117145
117581
117584
1178
118
1191
1201
120892
1211
121391
121512
122042
122509
1234
1236
123879
124446
125115
126282
1263
126393
1265
126520
126638
1268
1270
1271
1280
128272
128338
128434
1285
128866
130399
130497
1311
1314
131450
133
133396
133746
134
135
135112
135138
1366
137814
137970
138065
138151
138429
1385
1386
1387
1392
1396
1399
140691
140807
1409
1410
1411
142
143
1432
1434
1435
1436
1437
1440
144501
1457
1459
146691
147138
147183
147409
1475
1479
147923
148
148003
148022
1482
148811
1490
1491
1493
149428
1495
1499
150094
150209
1508
1509
151112
151126
1512
1514
151449
1515
1522
1524
152789
153090
153769
1540
1545
155038
155061
155465
158471
158747
16
160
1601
1603
160728
161
1611
1612
1613
1616
162
1620
1621
162605
162989
163
1630
1639
164
1642
1647
1649
1653
1654
1655
166
1660
166824
1676
1677
1687
171558
1718
1723
1728
1735
1736
1737
1739
1745
1760
1773
1776
1777
1778
1780
1785
1786
1788
1791
1793
1794
1800
1813
1814
1822
1823
1824
1825
1828
1829
183
1830
1831
1832
1843
1848
186
1869
1870
1871
1894
1902
1906
1910
1917
192111
192286
192666
192670
1933
1937
1939
1942
1948
1956
1958
196
1960
196374
1965
196527
196528
196541
1969
197259
1974
1975
1978
1981
1982
1984
199
1994
1997
2002
200576
2010
201163
2012
2013
2014
201626
2017
2019
2020
2021
2023
203245
2033
2035
204
204219
2045
2047
204851
205428
2055
2056
2060
2064
2065
2066
2068
207
2070
2071
2073
2074
208
2081
2099
2120
2122
2124
2125
213
2138
2139
2140
2149
2152
2168
2185
2191
219699
219790
220
220042
220441
2207
220988
221092
2213
221472
221927
2224
222659
2243
2244
2245
2247
2249
2253
2255
2260
2261
2263
2266
2272
2274
22794
22800
22803
22806
22807
22809
22822
22827
22848
22850
22861
22870
22878
22900
22905
22920
22926
22933
22938
22943
22954
2296
22974
22985
2301
23013
23017
23028
2303
23048
23063
23064
23076
2308
23085
23087
23089
2309
23091
23095
23097
23098
231
2312
23122
2313
23131
23136
23141
23151
23157
2316
23168
2317
23181
23204
23211
23213
2322
23224
23229
2323
23239
2324
23241
23248
23254
23263
23304
23307
23321
23332
23344
23350
23352
23360
23362
23365
23367
23368
23370
23376
23378
23385
2339
23394
23397
23400
23405
23408
23409
23411
23414
23421
23429
23435
23476
23493
23513
23518
23524
23529
2353
23530
23532
23542
2355
23550
23564
23567
23581
23593
23601
23604
23612
23621
23636
23643
23644
23645
23657
23673
23678
23705
23746
23753
23770
23774
23786
23787
23788
238
239
2395
240
246330
247
2475
2487
25
2521
2533
2534
253430
2537
2539
253943
255027
255488
255738
2558
2561
2562
257
257106
25764
25778
25791
25793
25803
25816
25818
25824
25831
25855
25865
25909
25917
259230
259282
25929
2593
25930
25942
25946
25959
25962
2597
25984
25994
25999
26007
26012
26017
260425
26043
26060
26084
26085
26092
26093
26098
26123
26130
26135
26155
26156
2617
2619
2620
2621
2623
26230
2624
2625
2626
26267
2627
26281
26287
2629
26291
26355
2641
26471
26524
26528
2657
26574
2658
26585
26586
2660
2661
2662
2668
2670
2673
2683
2693
2697
26999
27018
27023
27035
27063
27065
27069
27074
27086
27101
27113
27120
27141
27158
27159
27165
27166
27237
27238
27242
27243
27250
27252
27258
2729
2730
27302
27316
27324
27336
27338
27347
2736
2737
2739
274
27429
27443
27445
2765
2771
2773
2782
2792
2794
2796
2801
2802
2804
2810
2822
282991
283248
2833
283349
284
284110
284114
284254
28514
2852
285237
285527
286046
2861
286430
286887
2869
2872
2876
2879
2890
2891
2892
2893
2895
2896
28960
28964
28978
2898
28984
28986
28988
28996
29
2901
2902
2903
2904
2907
2908
29082
291
29108
29109
29110
29115
29124
29126
29127
2914
292
2923
293
2931
2932
2934
2935
2950
2956
2959
2962
2969
29775
29843
29844
29894
29904
29934
29944
29948
29949
29957
29965
29979
2999
29997
30001
3001
30011
3002
3003
3004
3005
30061
301
3039
3040
3043
3055
3059
3064
3065
3066
3067
307
3071
308
30812
30818
3082
309
3090
3091
3092
3093
3094
3099
311
3134
3135
3146
3148
3156
3162
3163
3169
317
317649
3178
318
3181
3183
3184
3185
3190
319101
3192
3202
322
323
324
3240
3248
3249
3250
3265
3273
3275
328
329
3297
330
3301
3303
3304
3308
3309
331
3313
3315
332
3320
3326
3329
333
3336
3356
3357
3375
3383
338321
338442
338557
338785
3397
3399
340371
340485
340654
342574
3428
3429
342977
343068
343071
3431
3433
3437
343702
3440
344558
3456
3458
3476
3479
347902
348
3480
3482
3486
3491
350
351
353116
353131
353288
353376
353500
3549
355
3550
3551
3552
3553
3558
3559
356
3560
3565
3569
3570
3572
3574
3575
3579
358
3586
3592
3593
3596
359845
359948
3603
3604
3605
3606
3608
3609
3611
3620
3621
3622
3623
3624
3625
3626
3627
3630
3635
3651
3654
3655
3659
3661
3663
3665
3667
367
3670
3672
3676
3678
3684
3685
3688
3689
369
3691
3705
3707
3708
3713
3714
3717
3718
372
3725
3728
3735
374354
374454
3745
374946
375056
375337
3776
377630
3778
378
3791
3812
3815
382
3827
3832
3836
3837
3838
3839
384
3842
3845
3848
3849
3850
3852
3853
3854
3855
3856
3857
3858
3859
3860
3861
3866
3868
387
3872
387263
3875
388
3880
3881
388121
3882
3883
388324
388325
388364
3884
3885
3886
3887
3888
3889
3890
3891
3892
389400
3895
389610
389643
389668
389856
3906
390792
390999
391002
391003
391004
3916
392
3921
392188
392197
392255
3927
393
3930
3932
3934
3939
3952
3956
3958
396
3963
3965
397
3981
399687
399694
40
4000
4001
4004
400735
400736
400916
4014
401447
4015
4035
4036
4040
404203
4043
4049
4055
4057
4058
4067
4072
407977
408
4085
4088
4089
409
4091
4099
4102
4118
4134
4137
414899
4149
4150
415116
4168
4170
4171
4172
4173
4174
4175
4192
4193
4194
4204
4205
4208
4209
4214
4217
4233
4254
4255
427
4282
4286
4287
4288
429
4292
4293
4294
4296
4297
4314
4318
4331
4332
4335
4345
4353
4361
43847
43849
440
440068
440275
440560
440561
440603
441871
441873
4435
4436
445329
4487
4488
4494
4504
4513
4544
4582
4599
4602
4605
4609
4615
4616
4620
4627
4634
4666
467
4670
4671
4673
4676
4678
468
4680
4683
4690
4691
4719
472
4722
4729
4739
474
474343
4747
475
4760
4763
4771
4772
4773
4776
4780
4790
4791
4792
4803
4804
4820
4824
4830
4831
4832
4835
4836
4838
4841
4846
4851
4853
4856
4862
4864
4869
487
4889
4904
4908
4909
491
4914
4915
4916
4923
4925
4926
4928
4929
493
4931
4968
4976
4982
5023
5025
5027
5034
5036
5045
5046
5047
50484
50486
50507
5051
50515
5054
5055
5058
5062
5063
50640
50649
50650
5071
5073
5074
5076
5077
5081
5093
5094
51022
51024
51025
51053
51056
51060
51063
51065
51074
51079
5108
51083
51100
51107
51118
51124
51129
51147
51163
51176
51202
51234
51237
51246
51283
51291
5130
51316
51319
5133
51330
5134
51341
51350
5136
51362
51378
51384
5139
51428
51441
51447
5145
51451
51454
51471
51474
51499
5151
51527
5153
51530
51537
51564
51569
51588
5159
51592
51593
51604
51616
5163
5164
51643
51651
51652
51657
5166
5170
51729
51738
51741
5176
51765
51768
51776
5178
51780
51804
5196
5243
5245
5255
526
5266
5272
5275
5290
5291
5292
5293
5294
5295
5298
5300
5304
5309
5314
5315
5317
5318
5321
5325
5326
5329
5335
5336
5339
5347
5356
5359
5366
5371
5376
53832
54097
5414
54205
54209
5422
5423
5426
5430
5436
54361
5438
54431
54434
54439
54463
54469
5447
54474
54475
54476
54507
54532
54541
54546
5455
54556
5456
5457
5458
5459
5465
54664
5467
5468
5469
54700
54739
54806
5481
54822
54832
54867
54878
54915
54920
54929
5493
54956
5496
54969
54978
5499
55011
55023
55031
55074
55075
55081
551
55109
5511
55113
5514
5515
5516
55164
55177
55179
5518
55183
55187
5519
55201
5521
55210
5524
55240
5527
55288
55291
55294
5530
55312
55322
55324
5533
55331
55332
5534
5536
55364
55367
5538
55437
55504
5551
5552
55532
55602
55619
5562
55626
5563
55632
55651
55655
55660
55679
55716
55720
55737
55749
55754
55775
5578
5579
55795
558
5580
5581
55811
55819
5582
55829
5583
5584
55840
5585
55850
55851
55852
5586
5587
55876
5588
5590
5591
55920
5594
5595
55973
5598
5599
56005
5601
5604
5605
5607
5608
5609
5610
5611
56159
56160
56169
5618
5621
5624
5625
56259
5626
56342
5636
5641
5652
566
5660
56603
56616
5662
56624
5663
5664
56658
56751
56776
5682
56829
5683
5684
56848
56850
56852
5687
56891
56892
56917
56924
56947
56979
56981
56984
56993
5700
57007
5701
57019
5702
57048
5705
57099
57103
57118
57124
57142
57144
5716
57162
57181
572
5720
5725
5728
573
5733
57343
5737
5740
57402
5741
5743
57448
57449
57465
5747
57470
57496
57506
57539
57551
57556
5757
57580
57600
57602
57630
5764
57646
57658
57674
57678
57679
57680
5770
57707
5771
57721
57727
57761
5777
57787
578
57805
57864
5788
579
5794
580
5803
581
58157
5829
5831
5836
58484
58511
58513
58515
58517
58533
5859
5863
5875
5876
5879
5883
5885
5887
5888
5894
5896
5899
5903
59082
5913
5914
5915
5916
5921
5924
5925
5929
5930
5931
596
5966
597
5970
5971
5976
5977
5978
5979
598
5981
5988
599
60
6001
602
604
60401
60485
60529
60560
60675
6091
6092
6093
6117
6134
6135
6154
6175
6188
6189
6194
6195
6196
6197
6198
6201
6233
624
6241
6242
6262
627
6272
6279
6280
6285
63036
6304
6314
6326
6347
6348
6352
6363
6366
637
6376
638
6387
63893
63916
63924
63967
63970
63979
64062
64065
64083
641
64112
64114
64121
64127
6416
64170
641700
6418
64207
6421
6422
6423
6424
6425
6426
642658
6431
643394
643414
643418
64342
64344
64376
64393
64399
64400
644186
64422
64423
64426
6446
6453
645359
645382
645402
645414
645425
64581
645836
6461
6464
64651
64689
6469
64710
6477
6478
64780
64782
64798
64802
64844
64855
64857
6491
64919
6495
6496
64975
6498
650
65018
6502
6506
6509
651
65108
65121
65122
65125
652
6521
65264
65267
653
653361
653499
653606
653619
654
654364
6548
655
656
6566
658
6586
659
6591
6597
65979
6599
65992
660
6608
6609
6615
662
6620
6622
6625
663
6631
664
6642
6643
6647
6648
665
6651
6653
6654
6655
6657
6659
666
6662
6663
6664
6667
6670
6672
668
6687
6688
6698
6699
670
6700
6701
6703
6704
6705
6706
6707
6709
6710
6711
6714
672
6720
6721
6722
673
6731
6732
6733
6741
6749
675
6750
6753
6768
677
6770
6772
6774
6777
6787
6788
6789
6790
6794
6801
6810
6812
6818
6832
685
6850
6867
6868
6878
6880
6881
6885
689
6899
692312
6926
6928
6934
694
6942
6949
695
6950
699
6993
6997
70
7001
7009
701
7010
7013
7015
7020
7021
7023
7027
7029
7040
7042
7043
7044
7046
7048
7051
7052
7057
706
7062
7064
7067
7068
7072
7073
7074
7076
7078
708
7088
7097
7098
7099
7101
7110
7112
712
7124
7126
7128
7132
7133
7139
7150
7153
7157
7158
7159
7161
7164
7175
7178
7184
7185
7186
7187
7188
7189
7204
7248
7249
7262
7265
7266
7274
7277
728
728369
728373
728379
728386
728393
728400
728405
728419
728642
7291
7293
7295
7298
7301
7305
7311
7314
7316
7320
7323
7336
7349
7353
7374
7409
7410
7414
7415
7416
7417
7421
7422
7428
7429
7431
7432
7442
7458
7465
7466
7469
7471
7474
7476
7480
7481
7483
7486
7490
7494
7498
7507
7516
7518
7520
7529
7531
7532
7533
7534
7536
7538
754
7564
7572
7703
7704
773
7732
7755
7786
7791
7804
7818
7832
7849
7852
7855
7857
78989
79017
79026
79031
79073
79092
79094
79155
79156
7917
79228
79366
79370
79400
79444
79577
79594
79612
79625
79626
79631
7965
79657
79658
79679
79680
79718
79728
7976
79767
79784
79792
79811
7984
79845
79869
79886
79892
799
79915
79960
80013
80034
80070
8013
80149
80155
80196
80204
8021
8022
80237
80279
80315
80331
8045
8061
8065
80709
80758
80759
80777
8078
80781
80823
8085
80856
8087
80895
8091
81
81037
8106
811
8115
8125
8148
815
81537
81566
81567
81573
81608
81618
817
81704
81788
81858
8189
819
81928
8193
8200
823
824
8241
825
826
8270
8301
8309
831
8312
8313
8321
8326
834
83464
835
83590
83593
83595
83596
836
83636
837
83706
83729
83737
83741
838
8382
83879
839
83931
8394
83941
8398
83982
83999
840
84033
8405
8406
84069
8409
841
8411
84132
84141
8417
842
84216
84231
84236
84249
84254
84260
84266
84271
84273
8428
84280
84283
84287
84289
84299
843
84316
84334
84335
8439
8440
84433
8444
84447
8445
84466
8450
8451
8452
84524
8453
8454
846
8462
8463
84648
8467
84674
84678
84681
847
84707
84717
8473
8477
84807
84823
84883
84893
84941
84942
84944
84951
84957
84971
8498
84991
8500
8502
85021
8505
8517
85300
8531
85313
85329
8535
8539
85450
85477
85480
85508
8554
8564
8565
8567
857
8570
8575
86
8602
8615
8621
8626
8633
8644
8648
8653
8654
8655
8660
8661
8662
8669
867
8672
8677
8678
868
8682
8683
8687
8688
8689
8692
87
8717
8718
8725
8729
8737
8738
8739
8740
8742
8743
8744
8761
8764
8767
8771
8772
8784
8792
8793
8794
8795
8797
88
8805
8826
8829
8831
8835
8837
8838
8839
8840
8841
8846
885
8851
8854
8870
8872
8874
8876
8877
8878
8879
8880
8882
8883
8887
889
8893
89
8915
8934
894
8943
89766
89780
898
89832
89846
89884
89885
89941
8995
8996
8997
89978
90
90070
9021
9024
90249
9026
90268
9027
9037
9040
90427
9043
9044
90441
905
90529
90865
9093
90993
91
9104
9112
9113
91137
9119
91304
9131
9135
9138
914
9141
9148
916
91603
91607
9166
91662
9169
917
91754
91782
9181
919
9191
9202
9208
921
9210
9212
9214
92140
9218
92196
922
9220
92241
9230
9231
9240
9241
9244
9255
9256
92565
92609
9262
9263
9274
9275
9276
9283
929
9314
9333
93343
9344
9353
9354
93649
93659
9368
9370
939
93974
940
9402
94027
9406
94115
9423
94234
94241
943
9441
9447
9448
9451
9459
9464
947
9474
9479
948
9481
9500
9506
9518
952
9521
9525
9529
9530
9531
9538
9540
9555
9564
9573
9577
958
9584
959
9590
960
9611
9618
9627
9641
96459
9646
9647
9669
9683
9688
9693
970
9700
9705
9709
972
9726
9748
9759
9766
9770
9774
9782
9793
9798
9812
9821
9825
9826
9827
9828
983
9833
984
9844
9859
987
9870
9879
988
9882
989
9894
9898
990
9915
9919
9927
9928
9941
996
9966
997
9971
9972
9978
998
9984
9989
999
9994
