100
100000085
100000325
100000684
100000934
100001785
100001978
100002086
100002371
100003020
100003363
100005887
100006791
100008599
100008682
100008844
100008988
100008990
100009244
100009334
100009363
100009679
100009693
100010333
100010381
100010496
100013508
100014210
100014530
100015943
100016328
100017336
100017406
100017534
100017732
100018324
100018597
100019429
100019475
100019628
100019760
100019857
100019923
100020274
100020887
100020922
100020997
100021087
100021389
100021460
100022045
100022110
100022207
100022701
100022822
100023126
100023292
100024418
100024438
100024739
100024932
100025319
100026453
100026493
100027054
100027189
100027535
100027638
100028547
100029051
100029942
100030346
100030633
100030863
100031112
100031276
100031658
100031799
100032080
100032415
100032681
100033089
100033280
100033828
100034045
100034237
100034668
100037283
100037824
100037871
100037961
100038176
100048996
100049152
100049246
100049247
100049448
100049702
10005
100050164
100050517
100050623
100050758
100050790
100051718
100051806
100051954
100052414
100052748
100052779
100053096
100053316
100054433
100054948
100054991
100055654
100056501
100057797
100058615
100058648
100059083
100059672
100060554
100060963
100061837
100062652
100063269
100063444
100064105
100064282
100064867
100064947
100068165
10007
100070056
100071543
100075232
100076077
100077692
100079149
100082267
100083089
100084334
100085476
100086541
100088286
100092279
100093369
100101673
100101696
100101743
100102
100120829
100124328
100124381
100124847
100124852
100124979
100125288
100125859
100125876
100125942
100126069
100126125
100126133
100126711
100127354
100127359
100127591
100127597
100127605
100127814
100131378
100135077
100135083
100135105
100135151
100135168
100135208
100135410
100135485
100135556
100136024
100139219
100141405
100141668
100141852
100142311
100142569
100144390
100144424
100144425
100144481
100144498
100144519
100144537
100144591
100144712
10015
100151049
100151338
100152208
100152302
100152548
100153167
100153321
100153351
100153484
100154598
100154727
100154741
100154775
100155086
100155238
100155346
100155929
100155939
100156098
100156481
100156639
100156710
100158051
100158274
100160081
100163720
100164628
1001653
100169945
100170610
100171407
100171413
100171531
100171567
100171603
100171616
100171626
100171656
100171688
100171766
100172087
100172170
100172188
100172277
100172335
100172402
100172413
100172461
100172530
100172554
100172582
100172610
100172668
100173093
100173184
100173202
100173233
100173272
100173342
100173365
100173394
100173483
100173552
100173564
100173656
100173726
100173793
100173844
100174034
100174123
100174154
100174208
100174295
100174370
100174459
100174486
100174563
100174590
100174687
100174943
100175471
100176092
100176528
100177362
100178332
100178735
100180665
100181076
100181499
100183094
100184076
100186439
100187083
100187335
100189687
100189763
100190214
100190802
100190807
100191670
100192360
100194781
100195058
100195231
100195256
100195493
100196907
100211301
100216290
100216331
100226950
100228197
10023
100233020
100241031
100241957
100243729
100244107
100244110
100244387
100245344
100246411
100247167
100248853
100248881
100249763
100250475
100253058
100255173
100257415
100258476
100259662
100264473
100271715
100273952
100274134
100280441
100282629
100283433
100283748
100283826
100286607
100287171
100289635
100304916
100306835
100306846
100312981
100322893
100328588
100329505
100329656
100330782
100333062
100333504
100334819
100337662
100338209
100343722
100349176
100350946
100351767
100353159
100354017
100359029
100359512
100360087
100361468
100361543
100364523
100365773
100379271
100379532
100379549
100379550
100379551
100379552
100380380
100380417
100380552
100386876
100392544
100395116
100397598
100398116
100399529
10040
100400424
100402264
100406769
100406954
100407141
100407390
100411615
100412379
100413471
100414798
100424758
100425740
100426686
100428001
10043
100432829
100434320
100437850
100438794
100438981
100440001
100448530
100450814
100454379
100454477
100457284
100457403
100460001
100462750
100462760
100463900
100464972
100467101
100470607
100471625
100479476
100480874
100480879
100484359
100486976
100487433
100492504
100493569
100496083
100496869
100499797
100502698
100502841
100503895
100507421
100507588
100511290
100511707
100512098
100512621
100512755
100512847
100512932
100513057
100513135
100513308
100513653
100513958
100515648
100515791
100516051
100516188
100517049
100518302
100519233
100519643
100520503
100520753
100521441
100521494
100521576
100521735
100521873
100522324
100522363
100522387
100522721
100522869
100523197
100523988
100525048
100525674
100525853
100526761
100527963
10053
100533105
100534617
100536033
100537665
100544250
100548531
100551768
100551899
100552126
100552250
100552420
100553105
100553194
100553615
100553632
100554002
100554106
100554457
100554688
100554795
100554932
100555276
100555317
100555929
100556459
100556763
100556871
100557064
100557978
100558624
100558717
100559452
100559475
100560326
100560374
100560676
100560797
100560859
100560898
100560943
100560998
100561
100561029
100561871
100563040
100563048
100563625
100564000
100564288
100564397
100564761
100564997
100565042
100565308
100565704
100565782
100565892
100566661
100566815
100566871
100567057
100567084
100567269
100567397
100567458
100567797
100579536
10058
100580548
100581183
100584322
100587357
100587627
10059
100590112
100591153
100591960
100592159
100592798
100593745
100596863
100597894
100600204
100614690
100615283
100620246
100621544
100621829
100621853
100623454
100624193
100624581
100624596
100625203
100627083
100627201
100627693
100627959
100632025
100632999
100653049
100653515
100656719
10066
100660816
100662496
100663159
100664641
10067
100674746
100682837
100685060
100685190
100689316
100689399
100689406
100691814
100692435
100693615
100706272
100707775
100712726
100713038
100713718
100717075
100718205
100718609
100719226
100721004
100721076
100726502
100726506
100726596
100727617
100735549
100736657
100738284
100738467
100739223
100750233
100750234
100757444
100762586
100768202
100769622
100770326
100770659
100771068
100772093
100775079
100775293
100776679
100777471
100778103
100778111
100778521
100778716
100779540
100779565
100781358
100781906
100782203
100782679
100784435
100786267
100787154
100787165
100787243
100788988
100791283
100791503
100791826
100795197
100795952
100799247
100800553
100800823
100801070
100801364
100802616
100803674
100803704
100804005
100805382
100805596
100805702
100806332
100806581
100807398
100807583
100807599
100807934
100808467
100808921
100809366
100809550
100809561
100809976
100810116
100810431
100811719
100812198
100813540
100814184
100815212
100815334
100815915
100816790
100817009
100817340
100817873
100818606
10082
100822378
100824220
100824662
100824847
100826002
100827868
100827887
100827974
100828947
100830153
100831793
100832410
100833741
100834003
100834060
100834449
100836385
100836576
100838528
100839174
100841282
100841586
100841730
100842032
100842334
100842885
100843107
100843426
100843720
100843973
100844679
100846764
100855680
100856090
100856310
100857186
100859886
100860816
100861386
100862446
100890097
100890621
100909505
100909548
100910526
100911796
100911881
100912478
100916303
10092
100922350
100923517
100933608
100944877
10095
100951606
100951924
100955261
100967052
100967184
100969775
10097
100971379
100976967
100988983
100989065
10099
100991999
100993613
100995280
100995888
100999641
101
1010
101001652
101004676
101008264
101008527
101009781
101011307
101013921
101018033
101023446
101026176
101027468
10103
101033445
101033664
101039566
101040158
101041542
101042588
101043559
101044698
101044863
101049523
101052313
101053939
101054187
101057857
101060200
101060321
101060351
101060376
101060389
101064096
101064842
101065104
101067840
101070232
101070828
101073797
101075194
101075829
101080438
101080656
101080798
101081277
101081572
101081693
101081853
101082231
101082314
101082839
101084873
101085237
101085959
101085967
101086389
101086605
101087239
101089456
101089667
101089821
101090031
101090638
101091282
101091540
101091574
101092140
101093379
101094102
101094625
101097215
101097430
101097716
101098395
101098482
101098851
101099002
101099497
101099661
101099788
101100610
101100710
101102580
101103444
101110316
101112942
101120659
101123750
101123816
101124174
101124287
101124675
101124687
101124902
101125024
101126185
101127132
101127526
101128042
101128162
101128505
101128953
101129459
101129483
101129608
101129756
101130571
101131423
101131454
101131775
101132515
101132752
101132797
101134413
101135273
101135556
101136258
101137325
101138415
101138788
101138832
101138833
101139071
101139199
101139410
101139512
101139514
101139988
101140121
101140358
101140423
101141423
101141555
101141704
101141717
101141987
101142
101142430
101142795
101142847
101142929
101143461
101143560
101143768
101144312
101144806
101145253
101145378
101145486
101145565
101145595
101145691
101145732
101145975
101146054
101146219
101146360
101146804
101146916
101147046
101147617
101147913
101148367
101148654
101149522
101149722
101150577
101151269
101152544
101153276
101155611
101155921
101156628
101157018
101157360
101157638
101157647
101158556
101158581
101158932
101159433
101159467
101159870
101160068
101160183
101160414
101161334
101161416
101162993
101163287
101164061
101164170
101164208
101164922
101165175
101165526
101166673
101167006
101168410
101168837
101169350
101170940
101171361
101204401
101205816
101205826
101206253
101206340
101206928
101208802
101209045
101210316
101211052
101211186
101213519
101216966
101217590
101217613
101219723
101219734
101221987
101222543
101223139
101246228
10125
101251145
101252505
101315745
101316287
101316380
101318809
101324129
101325439
101326769
101328356
101331207
101332539
101335793
101336996
101339071
101341851
101345599
101345825
101351253
101353395
101357101
101359387
101359415
101359649
101360003
101360706
101363282
101364491
101367700
101371064
101372920
101374793
101377327
101379492
101380932
101380990
101382006
101382707
101383005
101384361
101385920
10140
10142
101458043
101461199
101464321
101466447
101468284
101468646
101476720
101479252
101484741
101486639
101488021
10152
10153
10156
10157
10159
101672290
101673154
101676051
101679500
101686068
101688006
101689409
101689564
101691114
101692628
101698291
101702697
101704309
101708027
101709122
101710393
101712558
101722930
101724913
101731365
101741980
101748423
101749247
10175
101752009
101752092
101753901
101754098
101754527
101754706
101755107
101756103
101759065
101760580
101762809
101763612
101763614
101763695
101764015
101764425
101764824
101765887
101766351
101767244
101768542
101769259
101771018
101773084
101773291
101774246
101774423
101776544
101776768
101777223
101777949
101778290
101778458
101779263
101779655
101779690
101780056
101781185
101781927
101782476
101782882
101783286
101783692
101784272
101784362
101786118
101805855
101807407
101822960
101826945
101828652
101830056
101832344
101834631
101835221
101839008
10184
101840188
101840880
101843202
101843361
101864829
101865017
101865327
101865499
101865500
101865784
101865846
101866403
101866619
101867057
101867161
101867362
101867426
101867509
101889456
101890747
101893850
101899989
101925740
101926099
101926437
101929726
101954584
101957054
101961891
101964547
101967092
101969440
101974489
101974812
101977343
102
10201
10203
102086956
102087042
102089253
102089803
10211
102115056
102115729
102117675
102118393
102119163
102119735
102120191
102120416
102126191
102126359
102126362
102126928
102132218
102137710
102137896
102139406
102142487
102143555
102143748
102145903
102146124
102156614
102169733
10217
102172557
102174048
102175491
102177240
102184426
102185352
102185754
102189793
102189799
10219
102190489
102192963
102194359
102198168
102198347
102199035
10220
102203612
102204762
102204851
102205255
102205470
102205712
102225435
102227240
102230526
102234414
102236259
102237515
102242015
102251576
102252193
102271701
102275125
102282890
102290156
102291971
102294232
102295561
102296434
102297198
102298590
102299070
102301341
102304638
102306305
102307619
102307924
10232
10234
102348811
102349411
102353801
102362692
102367366
102367369
10237
102371788
102371974
102373932
102376666
102380395
102384003
102385814
10239
102396262
10241
102422075
102422557
102423857
102425151
102427189
102456541
102462492
102462599
102470848
102472005
102475138
10248
102494052
102521979
10254
102558578
102561583
102561939
102570595
102606920
102610106
102614215
102614822
102616732
102627513
102628404
10266
102664130
102664257
102666080
102666929
10268
102682271
102682595
102683795
102683914
102684910
102685003
102685383
102686465
102687385
102687631
102688621
102689107
102689385
102690337
102690405
102690900
102691504
102691534
102691800
102692019
102692219
102692908
102693153
102693164
102693461
102694605
102694610
102695092
102695245
102696277
102697550
102697740
102697916
102698181
102698715
102698928
102699063
102699078
1027
102723859
102724428
102724560
102724862
102724985
102725677
102729703
102730938
102734931
102736399
102739919
102740214
102740624
102742402
102743116
102744212
102745505
102747357
102750163
102756953
10276
102764172
102776274
102780350
102787442
102788091
102789381
10279
102796107
102798159
102879622
102893238
102896860
102898278
10290
102978507
102979609
102982591
102984755
102987538
102990694
102994188
102999843
103001380
103002648
103003292
103004383
103007264
103008438
103009063
103012880
103014687
103016790
103017625
103019883
103022579
103033991
103040016
103040331
103041689
103073071
103074873
103075106
103077902
103078903
103082363
103082537
103084248
103084758
103085248
103086081
103087563
103088212
103090394
103090784
103106800
103107505
103107589
103108043
103108434
103110683
103112678
103114007
103115670
10312
103120013
103123392
103123966
103124835
103126226
103128639
103132037
103135131
103140202
103140328
103148899
103149154
103149792
103150192
103151749
103155247
103173030
103178549
103182903
103185523
103187768
103190594
103214841
103215400
103221159
103226195
103230417
103231342
103231344
103237111
103238645
103244790
103247047
103247358
103248617
103249362
10325
103252084
103256824
103259440
10326
103263195
103263367
103264633
103266510
103270713
103271008
103271585
103273254
103275209
103312869
103312870
103312871
103312872
103313861
103352832
103352880
103353105
103360082
103363410
103363859
103366822
103370530
103375034
103375504
103376096
103377419
103388924
103389648
103389808
103391682
103391683
103393587
103394417
103396587
10342
103460278
103472397
103473209
103480138
103480619
103480970
103518848
103638252
103638253
103641412
103641507
103646785
103646791
103646794
103649327
103656314
103656835
103657524
103657819
103660363
103661475
103662318
103664600
103671495
103674517
103674596
103676099
103680234
103681376
103689964
103690047
103692716
103695678
103695876
103696005
103696984
103698645
103699333
103699563
103700142
103700470
103700484
103702035
103702281
103704943
103705526
103707326
103707740
103709908
10371
103711928
103712021
103712059
103712383
103713967
103714108
103714409
103714489
103714561
103714563
103715213
103716530
103717155
103718187
103718377
103720442
103722754
103722758
103723149
103723652
103724365
10383
10395
10396
103972097
103972267
103974286
103975024
103976996
103977245
103980741
103981241
103981308
103981428
103981968
103983965
103984504
103987740
103987817
103988388
103988663
103989280
10399
103991149
103995644
104000198
104000349
104002
104005443
104006793
10404
10410
104158
10417
104266484
10427
10428
104292534
10437
10460
104654642
104655223
104655317
104657204
104659901
104661657
104663111
104664650
104670408
104672547
104673120
104673158
104674621
104680826
104682149
10479
10483
10484
104853039
104853818
104855846
10487
104873032
104876479
104877917
10490
104926554
10493
104935665
104936244
10497
10499174
10499498
10499616
10499923
1050
10500047
10500245
105005818
105007344
105007789
10501011
10501072
10501211
105016567
10501669
105019391
10502038
10502398
105024555
10502503
105025566
105025900
10502922
10503014
105030639
105030950
10503836
10503855
10503904
10504254
10504255
10504412
10504478
10504885
10505512
10505574
10505868
10506383
10506812
10507
10507979
10508045
10508081
10508082
10508083
10508562
105085904
10508631
10508712
105093155
10509581
10509582
10509602
10510249
105102775
10510912
10510988
10511084
10511167
10511327
10511427
10511428
10514
105143615
105145461
105147094
105171
105186717
105192128
105210193
105212925
105217901
105224023
105231295
105232503
105248322
105249741
105263100
10528035
10528354
105298
10530381
105313207
105323089
105336073
105353953
10535465
10536947
10540768
10540772
10542
105437474
105437475
10543793
10543800
10544195
10544575
10544653
10544655
105463728
105466873
105468414
105471787
105473455
105473651
105476384
105477269
10548
105480106
105481612
105482872
105484428
105484882
105485253
105496559
105497274
105497763
105499192
105501113
105502627
105504227
105505621
105506653
105508233
105512754
105514442
105519632
105523149
105523214
105523622
105528239
105530451
105532033
105534062
105535553
105536724
105537540
105543434
105549876
105572859
105576862
105582159
105582307
105582496
105584952
105589876
105591123
105593939
105597008
105597557
105598359
105598744
105598967
105600535
10562
105620209
105621426
105623734
105626330
10570
105704925
105712007
105716781
105719312
105720800
105725886
105726336
105729523
105731792
105733241
105750047
10576
10577
10578
105804931
105807415
105809733
10581
105814398
105819240
105819403
105820057
105821582
105823178
105898046
105914251
105915968
105918348
105930443
105938905
105945585
105952039
105955404
105955769
105957538
105957681
105958558
105958643
105959231
105959433
105959545
105960961
105961685
105963159
105963819
105966393
105968067
105968679
105968695
105970995
105971000
105971133
105971189
105971419
105971796
105975098
105977655
105977664
105980857
105981668
105982246
105982754
105983205
105986999
105988300
105988583
105989149
105990437
105992616
105993070
105998318
105998354
106000447
106039
106054383
106055359
106055360
106069844
106079115
106082194
106084397
106093469
106095023
106121436
10614
106152746
106154133
106157191
106161529
106168699
106168724
106174583
106178509
106181723
10630
10636
10641
106509464
106514721
106515818
106517600
106519815
106520802
106521834
106523839
106524433
106526081
106528999
106531480
106532324
106535921
106567638
106569577
106570754
106574734
106580651
106581974
106584302
106586760
106589142
106590157
106592068
106592791
106600488
106600710
106604436
106605307
106608438
106611360
106613936
106628
10668
10670
106713214
106719144
10675
10678
106783217
106874795
106880893
106882863
106910744
106911200
106914598
106915156
106915299
106916075
106918389
106918621
106925187
106927316
106928012
106928989
106930210
106935378
106939524
10694
106944687
106945087
106945459
106946254
106948135
106955373
106955615
106957802
106960526
107045
107049056
107053109
107079724
107085375
107088301
107092441
107092674
107093701
107095498
107099893
107102691
10717
10718
107187219
107187713
107188461
1072666
107275411
107275882
107275932
107276017
107276064
107277093
1073062
1073398
107359622
107359725
107360060
107376897
107381631
107382533
107383456
107386351
107389812
107394745
107395870
107397783
1074471
1074532
1075
1075167
107523128
1075276
107546781
1075756
10758
1075834
1076353
107760083
107760226
107760996
107763013
107763601
107763929
107765101
107769
107769027
107770604
107771814
107771939
107772536
107774021
107774348
107774349
107774651
107774656
107774954
107775429
107776414
107777175
107777902
107778529
107779099
107779938
107781096
107781604
107782549
107783297
107783298
107784289
107784290
107784768
107784769
107786280
107786350
107786437
107786977
107787047
107787338
107787852
107791274
107791825
107794409
107795478
107795650
107799219
107799319
107799707
107799774
107801422
107803625
107803995
107804325
107804431
107805312
107807137
107807655
107808253
107808360
10781
107810159
107812434
107813475
107814689
107815477
107815488
107815498
107816599
107816766
107817221
107818105
107818652
107820157
107820885
107822485
107822486
107822782
107823208
107823209
107824014
107824213
107824997
107825064
107825148
107825245
107825697
107825862
107827577
107830479
107830480
10788
107886152
107887179
107887300
107889433
107891179
107892336
107892365
107893360
107893361
107898902
107900642
107900651
107900881
107901061
107901634
107902406
107902407
107902410
107902646
107902985
107902988
107903163
107904040
107904041
107904042
107904043
107904044
107905377
107905474
107905483
107905599
107907097
107908422
107908812
107908889
107910208
107911523
107912259
107913331
107913542
107914678
107915798
107918076
107922081
107924058
107924061
107924551
107925010
107926541
107927952
107928701
107929151
107929290
107929366
107929669
107930551
107931058
107931922
107934314
107934339
107934535
107935034
107935721
107935722
107937193
107941581
107941895
107942065
107944677
107946250
107946590
107947033
107947273
107948258
107949358
107949359
107949718
107951073
107952770
107953848
107955546
107958148
107958837
107959644
107959646
107959702
107959703
107959704
107959705
107959778
107960942
107961436
107961437
107961439
107961449
107962322
107963170
107963745
107963769
107963783
107968718
107976728
1080
108001187
108011
108012
10802
108087503
108099656
108099980
108101605
10811
10814
10815
108230508
108232362
108232969
108233312
108237806
108245369
108248594
10825
108250859
108251586
108258602
108266564
108267884
108269012
10827
108270915
108272736
108273350
108274853
108276732
108276777
108277337
108279926
108280404
108286750
108288396
108293439
108294450
108296632
108300628
108306401
108306566
108310883
108311056
108311932
108318634
108348072
108348096
108348139
108411046
108424557
108426037
108427826
108429823
108430025
108439366
108440107
108441083
108442931
108514313
108521063
108521829
108523674
108526474
108526570
108527311
108529983
108529993
108532495
108541809
108548615
10855
108572815
108575591
108579194
108599625
108604150
108608142
108644800
108651252
108652482
108664
108695381
10870
108707045
10871
108710101
108711078
108712280
108724969
108729697
108735740
108744050
108752634
108755871
108766872
108772441
108782697
1088
108873687
108884334
108888010
108893620
108895021
108895195
108895359
108895933
108920982
108968980
10897
108972822
108977740
10899
10900
10901
109024172
109025079
10924
10928
10945
10947
10948
109506970
109508449
109517989
109518746
109519599
109521821
109524527
109525203
109532622
109534456
109537973
1095703
10959
10966
109674769
109676
109683381
109685
109685664
109689473
109692126
109692897
109693344
109698510
10970
109701168
10994
10999
110006
11005
11010
110135
110173
110379
110524469
11067
11075
11081
11083
11093
1111
11119
1113
11133
1114
11147
11154
11158
11159
11164
11167
11173
11175797
11175903
1118
11182
11185
11188
11193
11196
11199
11202
11213
11227
11230
11240
11243
112487
11252
11253
11254
11261
112611
11275
112770
112849
112939
11305
113115
113178
113189
11328
11334
11337
11339
11340
11342
113452
113612
113655
113763
113894
11405272
11405574
11406909
11410471
11410508
11411303
11411307
114128
114134
11414121
11414228
11414263
11414274
114143
11414675
11420126
11421
11424546
11428157
11430286
11432
11432718
11433
11436390
11436852
11437859
11439317
11439660
11439832
11443223
11443589
11443837
11444031
11444338
11445037
11445431
11445545
11445948
11446907
1147
114786
114787
114789
114790
114794
114804
114826
11486
114879
114882
114883
114905
114908
114990
11501
115123
11542
115548
115557
115677
11593
11605
116115
116150
116173
116225
1163
1164
116441
116449
116657
11666
116717
116733
11677
116844
116985
117
117043
117044
117066
117106
117185
117194
117247
1173
11735
1174
11744
11749
1175
11758
117584
1176
11764
11765
11766
11767
11768
11769
11774
11775
11776
11777
11778
11781
11782
11816
1182
11820
11827
1183
1184
118426
118427
118490
1185
1186
11881
118813
11883
11886
11891
11898
119032
1191
11947
11972
11975
11984
12
1200
1201
1203
12042
120534
120892
12091
1211
1212
121260
1213
121665
122258
12229
122769
12306
123228
123264
12333
12334
12359
123688
123745
1238
124045
12421
124220
124222
12425
124512
124773
12479
12480
12490
124912
12492
124930
124997
125113
12512
12514
1258
1259
126003
126006
126017
126298
126321
126432
12652
126567
126668
126789
1268756
1268985
1269179
1269593
1269881
1270
127002
1270092
1270853
1270896
1271711
1272123
1272314
1272397
1272579
127262
1272860
127294
1272967
1273006
1273088
1273188
1273246
1273762
1273763
1273764
1273940
1274069
1274225
127428
1274304
1274307
1274574
1274676
1274679
1274680
12751
12752
127544
12757
1275738
12765
12767
1276903
1277
1277273
1277491
1277855
127829
1278760
1278832
1278833
1279055
1279081
1279264
1280393
1280729
1281163
1281170
1281557
128338
1284
1285
1289
12890
1291
12919
129285
129303
1295
129531
129642
129684
1298
12980610
129807
12980938
13010
13011
13030
13032
13033
13034
130340
13035
13036
13038
13039
13040
13041
13056
130612
130733
130827
1312
1315
131578
131583
1316
131601
131965
132789
133015
133396
133619
133688
134145
134218
13423
13446
134549
134728
13482
13541506
1356
135886
136227
1363
1366
136647
1368
137492
137695
137872
138050
138065
13809
138311
1390
13909
139285
1393
139596
1401
1404
140460
140465
140494
140775
140811
140825
140831
14103
14184
14204
14251
14252
142684
14269
142940
143187
14319
14325
1436
1437
14387
143888
14420
144321
1445
144577
14466
14473
14533
145482
1455
14580
145853
14590
14609
146198
1462
146223
14628
1463
1464
14667
147007
147015
1471
14718
147183
14734
147646
147670
147699
147906
148066
14824
148266
14827
148281
148398
1486
14872990
14891102
1490
14915446
149297
14939
14960
14969
1497
149840
149951
14998
149986
14999
15000
15002
150094
150221
150372
150465
1508
1509
1510
1511
15114
1512
1513
1514
1515
151531
15162
151636
1519
1520
152007
152078
1521
15211
152110
15212
1522
15239
1528
153020
153129
153339
1534
153443
153571
153579
153642
154
15442
154664
15481
15516
155205
155382
155465
15586
15587
156
157310
157574
157695
157753
157869
1580
158358
158376
158401
158763
15931
15932
15944
159686
15975
160
1600
16004
1601
1602
1605
1606
160622
160762
1608
160857
160897
161
1611
16149
16176
161882
162
1621
162394
162461
162540
162972
163
163154
163255
16337
1634
1636
163732
1638
163882
164
164045
165
1650
16509
16535
16541
16563
16590
166336
1667
1668
1669
1670
167410
16783
16784
16792
16797
16835
168537
16867
16889
1690
169044
16952
16956
17002
170589
170627
170667
170737
170743
170770
170790
17096
171016
171019
171024
171052
171072
17113
171166
171293
171528
171568
171575
171586
17159
17160
17168
172171
17254
1727
17281
1730
173120
173350
173783
17386
1739
173955
1740
174050
174095
174308
174661
175
175100
17523
17528
175913
176
1760
176221
176698
176748
176957
177033
1773
17748
1777
17775
1778
177997
1783
1785
17879
17918
17921
1792185
179249
1792574
17939
179559
17966
179902
18010
180111
180251
1803
1805
180533
18054
180550
180684
180800
180947
18097499
18100999
18103797
18104581
18104848
18105227
18105321
18124
18125
181444
18145
181517
18173
18174
1819
18196
18197
18236653
18237483
18237552
18240872
18241
18242588
18242818
18244730
1836
18412
18422727
18422990
18425570
18425571
18425573
18429355
18430031
18431
18434592
18439152
18439471
18439769
18439772
18439994
18440642
18441929
18442
18442124
18442242
18447638
18447639
18447640
18453
185
18504
185331
18575
18591142
18596
18596678
18596701
18606535
1861
186115
18614130
18646
1875
18766578
18767142
18771825
18773388
18776662
18778199
18778827
18779974
18780121
18780238
18780282
18780318
18781195
18781424
18782442
18783476
18784700
18786810
18788067
18788408
18789573
1879
18790597
18791189
18791331
18791692
18792839
18793841
1880
18807
18822
1889
189
1896
19
190
1901
19025
190304
190605
19063
19073
19141
1915
19152
19156
19165
1917
192155
192177
192192
192232
192340
192348
192652
192654
19328
19339
19349
19419
1946
1950
195040
1960
196410
196463
196483
196513
196740
197131
197258
197358
197370
1991
1996
199777
20
200014
200150
200424
200576
20071039
201163
201292
201294
2014
201475
201627
2017
20170
201931
20194811
20195438
20195498
20197432
20197445
20197480
20197640
20197652
20197685
20197781
20199084
20200656
20200739
20200741
202018
20202039
20202040
20204336
20206285
20207483
20207484
20208242
20209918
20209991
20210014
20210015
20210326
20210396
20210738
20211308
20211323
20211437
20211920
20212858
20213241
20213707
20213824
20214101
20215477
20215517
20215692
20215712
20215722
20215741
20216372
20216740
20216840
20216885
20217081
20217308
20217318
20217649
20217762
20230968
20231288
20233506
202500
2028
203068
203102
203228
20323731
203259
20326036
20342
203547
20388
2040
20479
20529
20539
20597
2060
20615
20619
206358
20655
20661
2069
20779
208
20834
2086
208795
20908
20911
209200
20955
2099
21
211286
212555
214505
214597
214639
215
2152
215335
2160
216438
2171
217265
217303
218
218035
21825
218275
21871
219
219024
21929
21982
219902
219931
220001
220002
220296
220441
22084
220972
221188
221687
221914
221955
221960
22201
222171
222229
222389
222484
222950
223082
22320
2239
224023
224132
2242
224703
224840
225326
225912
2261
22619
2262
2263
22631
226421
227659
22784
22785
2281
22836
22841
22852
228545
22872
22874
22876
22879
22881
22887
22891
22898
229
22901
22903
22905
22913
22918
22934
22941
229445
22950
229521
229722
22976
22982
22983
22984
22987
2299
230
23007
230163
23026
23033
23035
23038
23040
23042
23048
23059
23062
230676
23074
23077
23078
23085
230899
23096
23097
23098
231
23127
23130
23142
231503
23152
23162
23163
23179
231874
2319
23197
23200
23205
23208
232086
23209
232146
23220
23223
23237
23240
23248
23250
23258
23262
23265
23274
23277
23283
23287
2329
23291
23295
2331
23317
233186
23324
23333
23334
23339
233405
23341
23362
23385
23390
233979
23400
23403
23418
23431
23433
23457
23461
234663
234673
23500
23503
23505
23526
23529
23531
23534
2354
23544
23545
23548
235504
23554
23557
23562
23562704
23563445
23564163
23565176
23565383
23565476
235661
23566790
23567311
23567954
2357
23593
23600
23604
23621
23640
23643
23645
23646
23650
23657
23659
23670
23673
23678
23682
23710
23760
237625
237958
23821
239408
23956
239739
24017
241159
241274
24139
24141
24147
24162
24165
24190
241919
24192
242341
24248
24258
24291
24310
24375
24387
24392
24401
24434
2444
24468
24494
244962
24564
24567
245670
245812
24588279
245886
24588679
24591
245966
24596820
245972
245973
24598
24602
246046
246120
246133
246147
246215
246239
246246
24629
246302
246330
246772
246774
2475
24786
24855
24889
24944
2495
24954
25017
25029
25055
25109
2512
2517
2519
25227
25236
25247
2526
252832
252839
252853
252875
252902
252903
252916
252929
252969
252972
253012
25307
253152
25319
25328
25340516
25341416
25348600
25352906
25352907
25370
253725
253738
25380
253832
25385
25386
2539088
2539224
254042
254050
2540763
2540954
25423
2542384
25425
2543097
2543411
254359
25455
25477
25479
2548
25484917
25485433
25485756
25485952
25485968
254863
25486512
25486921
25486997
25487733
25489522
25490239
25492576
25492783
25493487
25493676
25494057
25494167
25497159
25497487
25499789
255027
255189
255231
25524
25530
25531
255324
255738
25578
255877
255928
25599
25603
25624
2563
256471
256764
25697
25698
256987
2571
257106
25715
257194
25728
25732
25734
25758
25771
25798
258
2580
25801
25804
25805
2581
25836
25837
25849
25851
25852
25864
25870
2588
25898
25906
259236
259307
25940
25956
2597
25970
25977
25978
26001
26025
260302
26032
26056
26061
26088
26154
26160
261726
261729
261734
26191
26228
26233
26276
26287
2629
26290
26373
2638
2641
2647
26499
26503
26509
26511
2653
2655073
2655199
2655418
2655446
26575
26579
2662
2664
2665
266714
266732
2668
2670
267002
2674691
2675
26750
26762
2678
268
2683
268512
2686
268706
268933
26898
269
269338
2694
26953
2697
26985
27010
270160
27029
27040
27057
27060
27065
2707
27072
27074
27076
270802
27087
27111
27113
27120
27122
27131
27152
27163
2717
27178
27183
271844
2719
2720
27206663
27208984
27231
27236
27253
27257
27289
27290
27301
27303
27306
27314
27327
27332
27344
27346
27347
27419
27426
27439
27443
2760
2767
276770
2770
2771
2773
2776
277854
2781
2782
2783
2794
2799
280408
2805
280712
280798
280815
280832
281070
281080
281105
281108
281112
281193
281230
281251
281276
281281
281291
281349
281421
281433
281641
2817
281711
281736
281831
281838
281849
281897
281909
282010
282029
282116
282148
2822
282218
282257
282271
282272
282275
282341
28240
282438
282467
2825
282673
282679
282705
282808
282829
282838
282844
282883
282991
283248
283358
283375
283518
283554
283635
283659
283742
283849
2840
284021
284076
284114
284119
284129
284273
284339
284415
284417
2846
284695
284996
285141
285175
285190
285362
285613
286319
286336
286410
286451
2868
2868418
286898
286916
286958
286970
287
2872061
2873783
287435
2874350
2874725
287478
2874815
2874889
287531
2875665
287753
287871
288
288109
288371
2887
288785
2889
289010
289046
289231
289318
28956
2896
28962
28966
28972
289720
289733
2898555
290
29015
290244
29035
290409
290527
2905765
290644
2907487
2907811
290851
2908579
2908647
290923
290970
290975
290981
29106
29108
2911
29110
2911004
291180
2912798
29143
291464
29153
29154
291624
29174
29175
29186
29192
291969
29204
292073
292168
292306
29233
292485
292735
292843
29292
293485
2935
293561
293628
293650
293676
29385
29392
293938
293992
29411
294269
294270
294273
294274
29430
294329
29434
29448
294673
295217
295231
295357
2956
295669
29597
296083
296159
29625
296257
296600
296851
297522
297694
29775
29777
297932
297960
298103
298296
2984
29841
298436
298514
298841
298851
29886
298875
29895
29896
2990
29907
29911
29914
29916
29919
2992
299331
29941
29952
29965
299825
29985
29988
29993
30014
300160
300191
300438
300757
300993
301
301085
301127
301252
301575
302
30221
302526
302619
303090
303256
303312
303330
303332
303413
303439
303554
303584
303601
303631
303792
303801
303902
304284
304285
30443
304555
305081
3053
30538
305464
3055
305623
305795
305861
306508
306720
3070
3073
3074
3075
3078
308022
30817
30818
30819
30820
308346
30848
30849
30851
308543
308846
308869
308909
309
309139
3092
30930
309446
309607
309621
30984
309945
310091
310626
3108
310864
3109
31090
311
3111
31118
3112
3113
31137
311401
311426
3115
3117
31177
3118
3119
3120
312132
3122
3123
3125
3126
312656
312689
3127
312927
31293
313155
3134
31342
313806
31423
314360
314432
314615
315047
315165
315215
315222
315600
315617
316033
316153
3163
316516
316519
316642
317468
317663
317673
317676
317710
317757
317926
31805
318103
319481
319642
3199
320007
32001
320253
320311
32145
321453
321853
322811
32341
323720
3240
324818
324985
3250
3253366
3253455
325358
3253610
3254681
325540
3256264
3257
3257591
326174
326175
326219
326624
3267
32677
32690
3273
327635
327711
327715
3290491
3291
3292489
3292648
3293
32947
329502
330260
3303
33034
3304
330460
3305
3306
3310
3312
3320
3326
33330
3339
333926
33399
334
3344
334682
334749
335
335494
3355130
336503
336746
337225
3373
337424
337572
338
33819
3382
338382
338457
339229
339512
339745
339761
339778
340156
3402529
3402755
3403278
3403492
3403611
3404339
3404457
3404649
3404695
3404954
3405171
3405235
3405365
3405448
340547
3405507
340554
3405822
3405887
3406001
3406219
3406632
3406635
3406777
3406992
3407309
3407594
3408136
3409969
3409996
3410410
3410548
3410776
3410919
3411057
3411134
3411693
3411739
341359
34182
3423
3425
342918
3433
343450
34401
345275
3454
34564
347252
347734
347735
348
3480
3481
3482
348327
3486
3488
348801
3504183
3504724
3508060
3508094
3508763
3508826
351
3510041
3511501
3511506
3511759
3511816
35221
352958
353047
353091
353189
353306
353307
35411
3553
3554
35546573
3556
356
3561
35620
3565323
3569
35762
3579
35793
359
35940
3597
3598
35989
36015
36040
360480
360497
360505
360600
360682
3607
360776
360904
360916
360955
361043
361137
361378
3614
361401
361600
361673
361689
361704
361729
361833
361846
361939
3620
362011
362199
362220
362245
3623
362324
362441
362452
362490
362573
362642
362645
362738
362828
362849
363103
363138
363213
363332
363516
3636864
363720
3637857
3638
36381
3641013
364137
3642559
364298
3643
3643523
3643914
3645133
364719
3648053
364878
364902
36530
36531
36546
365542
3656
3657162
3657691
3657728
3657729
3657730
3657735
3657736
3657737
3657738
3657739
3657740
3657742
3657743
36602
3660697
3662649
3664173
366568
367166
367562
3679
367901
367915
3680
368704
368771
369025
3697
36973
3700
37009
3703
3706
3708
37083
3710
3714
372
37211
37229
3728
373
3732
373422
37349
373977
374125
374188
3742
374395
3746
374819
374875
374897
37490
374955
375
375056
375061
37517
3753
3755
3756
375612
375775
375790
376267
37637
3772
3772574
3773
3775
377677
377841
3784
37851
378783
37884
378884
379
379066
379689
379741
379890
379953
37999
3800
380014
380357
380373
380496
380544
380732
381269
3814
3815
381629
38176
3823
38252
382551
38286
383
38454
386617
386720
387263
3872989
3873425
3874994
387524
387680
3876878
3877651
3877798
387787
3877950
387882
387885
387914
387921
3880243
3880930
3880986
38846
3885
388581
3885849
388697
388722
388743
389072
389119
389432
389541
389840
389856
390940
39106
3911
3913
3914
3916
39168
392
3920
392255
392636
393103
393128
393135
393208
393210
393398
393483
393549
393657
393844
3939
393902
39448
394561
394567
394587
394833
3949
394922
394924
394992
395251
395272
395324
39547
39550
395602
395661
395811
395818
395853
396008
396058
396090
396220
396297
396303
396471
396562
396565
396658
396659
396726
396801
396810
396926
396958
396969
397000
397027
397122
39717
397172
3973
397398
397410
397414
397479
397540
397569
397591
397623
397757
3978
398468
3988
399
3993
399512
399538
39981
400120
400668
4009
400954
400966
401
4012
401251
401258
401498
40152
40193
40229
4023
402573
40260
4033
403313
403400
403403
403408
403458
4035
403502
4036
403767
403811
403831
403873
403880
403916
403929
403947
403974
404007
404134
404135
404146
404155
404156
404187
404640
404696
404697
404698
40524
4058
405845
406
4060
40628
406336
406385
406645
406648
406689
4067
406830
4069
4070
4074
40741
4077
407938
407977
408
408001
408201
408241
408301
409
409117
40961
410
41071
410860
411
41107
412
4125
4126
414
414059
414060
414149
414407
414741
414800
4149
415130
4152
415225
415410
415674
415688
415766
415815
415908
416009
416016
416109
416347
416406
416433
416649
416662
416716
416732
416861
416907
416956
417033
417249
417339
417417
417444
417489
417558
417560
417566
417606
417670
417829
418095
418262
418321
418573
418635
419091
419142
419194
4192
419311
419455
419466
419472
419552
419605
419687
419702
419768
419811
41992
419952
419953
420056
420160
420210
420221
420427
420577
420586
420762
420786
4208
4209
420909
42095
420996
421076
421116
421151
421175
42125
421319
421668
421863
421874
422081
422095
422187
422188
422297
422311
422410
422490
422498
42256
422638
422641
423103
423207
423230
423235
423273
423418
423420
423615
42367
423696
423717
42389
423990
4242
424218
424267
42447
4246
424656
424831
424835
424961
425021
425132
4254
425576
4257
426116
426164
426297
426571
426739
42681
426887
426930
426955
427
427139
427164
427204
42723
427293
42739
427466
427480
427546
427559
4277
427823
428095
428329
42841
428453
42854
428674
428675
428780
4289
429062
429091
429131
43
43002
430542
4312
4313
4314
4316
431714
431731
432
432061
432102
4323845
4324348
432486
4324982
4325
4325325
4326500
4326833
4327
4327660
4329339
4330909
4331193
4332
433375
4334918
4335170
4335414
4337351
4337353
4337582
4339265
434
4341383
4342150
4343231
4346292
4346934
4347180
4347462
4347611
4350216
4350402
43505
4351963
43521
4353
4354771
43612
43613
43662
436641
436697
436919
43783
4386940
440503
440804
441027
441054
441381
441476
44160
441631
442985
443098
443154
443354
443441
443539
4436
4439
443977
444062
444167
444228
444251
444253
444365
44437
444373
444738
445
445075
445155
445165
445250
445487
446304
446498
446554
446619
446828
446877
446891
446948
447203
447310
447354
447373
447742
447841
448092
448095
448179
448203
448214
448414
448483
448515
448570
448650
448744
448965
4494
449549
449571
449572
449649
449650
449826
450015
450022
450028
450068
450130
450192
450200
450990
450999
451229
451235
451399
451469
451601
451629
451897
452335
45268
453430
453601
45380
453918
456301
456772
4568109
456880
456981
457117
457120
457277
4576955
458066
458094
4588323
459367
4598
460
460776
460914
461050
461213
461407
4615
461567
461616
461843
4619130
4619531
4620811
4621211
462188
4622270
4622919
462502
462580
462823
462884
462926
463039
463365
463557
463993
464022
464281
4644
4646
4647
465201
466465
4668
4669
467054
467465
4675
4680
468284
468559
468636
4688
4689
468961
469138
4693
469371
469524
47
470682
470883
4708923
471337
4718
471977
472
4727544
472809
473242
473324
473325
473629
473711
4739771
474170
4742571
4742833
4743291
4744751
4744812
4745617
474657
474856
4749114
474969
4749700
4749716
475020
4750344
4751056
4751203
4752865
4753
475316
475346
4753764
4753828
4754967
4755186
4755440
475638
4756720
475699
4757919
4758
4758044
4758585
475876
4758806
4759
4759216
4759703
4759772
475993
476010
4760777
476086
4761261
4761714
4762040
4762777
4763191
4763523
4763528
4763894
476406
4764110
4764405
4764789
4764980
4764981
4765836
4766068
476614
476669
4766856
476705
4767367
4767898
4768742
4768965
4769481
4769648
4770114
4770121
4770954
477109
4771296
4771604
4771766
4771906
4772946
4773216
4773974
4774166
477492
477546
4775609
4775846
477750
477929
478232
478435
478586
479058
479233
479240
479406
479474
479479
479685
479794
479905
480118
480232
4803072
480460
4805115
480578
480988
481003
481037
481056
481074
4813185
4813276
481418
481569
481717
4818
482316
4828
482833
483354
483367
483662
483683
483691
483692
483725
483900
484712
485195
485211
485334
485337
485498
485563
4856
486077
486156
486166
486330
4864
486433
486543
486608
486684
4867
487324
487675
4878
487883
488438
488576
489030
489034
4891
489374
489661
4897
489868
490183
490185
4904
490477
4905
4908
490923
491163
4914
491907
492311
492340
492762
4928
493225
493388
493467
4935
493546
493563
493676
493686
493697
493766
493829
493839
493846
493879
493884
493911
493927
493928
493945
494547
494565
494576
4946
4948
494820
494825
494834
495072
4952
495262
495294
4958
495994
496045
496434
496570
496744
496748
496801
496811
4969
497009
4973
497661
497878
497934
498089
498234
498606
498688
498691
4989305
499285
499893
500282
5004
500474
5005
500843
5009009
500985
5009909
5010008
5010061
5012325
5012667
5012722
5013307
5013574
5014879
5015
501658
5017090
5018140
501854
5019101
5020149
5020221
5021057
5021809
5021943
5022233
5023002
5023550
5023557
5023594
5024315
5024316
5024486
5024994
5025
5025085
5025195
5025413
5025577
5025764
5025917
5026525
5026768
5027065
5028683
5028741
5029
5029054
5029126
5030251
5030730
5032100
5033
5033854
5034043
5034154
5034230
5034321
5035057
5036
503608
5036182
5036795
5036796
503709
5037268
503847
5039529
5039691
5039718
5041560
5042212
5042273
5042424
5042825
504285
5043652
5043912
504468
5044804
504503
5046104
5046151
5047039
504781
5047902
504799
5048149
50487
504960
50508
505097
50512
505283
5053
505361
505514
505554
50567
50614
50617
50618
5062
506214
50624
506309
50645
506509
50654
506550
50669
50701
507031
507188
50719
507309
507398
507491
507528
5076
5079
507936
50805
50865
50877
508878
508903
508949
509076
50917
509484
509522
509715
509774
509775
509820
509970
51015
51019
51022
510242
51026
51028
51029
510495
51050
510524
510574
51058
510620
51072
510792
51083
51091
51092
51097
51099
511009
511088
511206
51127
51129
511345
511378
511582
51166
51172
511776
511792
5118
511839
511866
511869
511903
51192
51209
51227
51231
512321
512361
51239
512402
512444
512464
51247
512530
51257
5126
51265
51271
512803
51284
51290
512930
51296
513038
513094
51311
51316
51320
51324
513317
513406
513520
513545
513599
513684
51374
51382
513984
514345
514347
51449
51454
51466
51479
5148
5149
51493
515051
515178
5152
51520
515200
51527
51528
51534
515368
515375
515397
5154
51547
5155
51552
515527
51554
51557
515575
515687
515729
51573
515742
51582
5159
51592
51606
516090
51617
51622
5167
516797
51691
51693
51699
5170
517002
51702
51704
5174
51742
51754
51762
51768
51816
518169
518781
5190
5191
5194
5198
520348
520990
521189
52120
521542
521864
52187
522423
523
5245
525
525303
525329
5255
525690
526
5265
526538
526642
5268
527
527140
527165
5275
527631
528
528030
5284
528654
528877
5289
529
5291
529148
529186
5293
5294
529923
53
530164
5306
531327
5325
532600
532671
532742
533
53331
533332
533357
53340
53344
53346
53353
5336
5337
53373
533992
534017
534253
534257
534485
534560
534927
535
5351
535407
535442
53599
53612
5366
537
537087
537285
538
538050
53833
53834
53838
53877
539035
539200
539259
539395
539478
539663
53981
539858
539959
54
540381
54039
540667
540689
540824
540923
54097
54103
54106
541106
541123
541406
541468
541534
541544
54170
5420
54226
5423
54241
542451
5427
542701
54271
54331
54361
543614
54373
54381
54397
54398
54407
54411
54414
54445
5445
54468
5447
54472
54492
54498
54503
54504
5450939
5451
5452
54520
54525
54536
54542
54558
545677
54598
54602
5464
5464267
5464442
5465111
5465136
54664
5466452
54665
54676
54677
5467971
5468
54680
54681
54682
54734
54749
5476
54765
54785
547978
54805
548062
54807
54809
54812
5481883
54822
5482630
5483347
5483387
54834
548408
548464
54847
54852
548586
54861
548700
5487054
54872
548751
5489530
54896
54901
549127
5491307
54918
549186
54937
5493781
54938
549558
549583
549589
549648
5496689
5496690
54967
5496726
5496845
549725
549731
5497472
5497599
549760
54978
5497938
5498
54982
54987
5498741
5498746
54988
5498810
5498884
5499285
549935
5499582
55
550
5500186
5500189
5500194
5500227
55004
550064
5500805
5500806
55013
55014
5501597
55016
5502092
5502234
5502235
5502237
5502239
5502244
5502247
5502255
5502261
5502264
5502265
5502268
5502271
5502273
5502351
5502483
5502636
55028
550326
5503445
5503484
55040
550475
55048
55049
5505156
5505810
5505924
5505945
5506048
55061
5506117
5506356
5506581
5506706
5506829
55069
5507288
5507292
55074
5507428
5507441
5507482
5507486
55076
5508109
5508189
55084
5508584
5508589
5508752
5509
5509151
55093
5509473
5509550
5509609
5509661
5509723
5509984
5510249
5511011
5511348
5511374
5511455
55116
55117
5511857
55120
5512379
5512652
5512785
55129
5512919
5513125
5513603
55137
5513726
5513728
5514344
5514422
5514459
5514632
5514671
5514939
5515397
5515618
5515873
5515985
55160
5516076
5516093
551708
5517225
5517260
5517381
5517392
5517451
5517621
5517750
5517799
5517800
5517855
5518038
5518435
5518574
55187
55191
5519260
5519625
5519692
5519774
5520116
5520118
5520192
5520346
5520450
55207
5521180
5521373
5521597
5521841
5521881
5521891
5522003
5522010
5522076
5522118
55223
55230
55234
55238
5525085
55254
55255
55262
55278
55283
55294
552960
55298
553115
55313
55315
55317
553253
5533
55330
55332
55340
55351
553529
55353
553569
553594
5536
55361
553681
5538
554157
554282
5547
5549
5551
5552
555206
55529
55558
555611
5557
555715
555970
556111
556136
55616
55626
55627
55632
55638
55647
55652
55654
55655
55667
5567565
55686
556933
55697
55705
55709
55715
55717
55719
55721
5572584
55726
5573512
55737
55738
55745
55750
55751
55754
55770
55776
55785
55788
55796
558
5580
5581
558180
55823
55824
55843
55846
55850
55858
55860
55862
55890
55900
55902
55904
55906
5592
5594
55943
55946
55950
559850
56032
56033
56063
56084
56089
56092
56094
56097
56098
56099
56100
56101
561019
56102
56103
56104
56105
56106
56107
56108
56109
5611
56110
56111
56112
56113
56114
56122
56132
56135
56138
56142
56155
561678
561747
56180
5621
562137
562445
56270
562995
56318
563215
56325
563328
563390
5634
56374
5638
56382
5641
564342
5644
56440
564404
564472
5645
5646
56464
56478
56479
564835
56486
5648979
564906
5649385
5649386
5649387
5649388
5649389
5649390
5649391
5649392
564979
5650185
5651252
56548
565588
5655893
565649
5657
565852
566
5660
56611
566270
56629
5663
56632
5664
56648
566506
566517
566642
566699
5667003
56674
5667418
5667435
5667635
5667926
5668298
56700
567046
56717
56718
56722
567222
56729
567333
56743
56744
567534
567623
56780
56782
56786
56820
56834
56835
56848
5685
56850
568765
56889
56895
56899
56927
56928
569298
569326
56934
56937
56940
569407
56944
56949
5696
5697227
5697234
5697305
5697308
5697323
5697465
5697779
5697843
5697849
56980
56986
5698725
5699
5699170
5699261
56994
5699723
5699778
56999
570
5700091
5700182
57007
5700791
5700798
5700992
570148
5701517
57016
5702626
5702630
5702642
5702703
5702822
5703248
57050
570568
5707
57085
57115
57120
57130
57134
571441
57146
57150
57153
57154
5715936
57171
57178
57188
57191
57192
57213
57222
57231
5724
5726491
5728851
5729272
5730
57319
57325
57326
57333
573492
57393
57406
574112
574159
5742
574213
57448
57458
5747
57477
57493
57497
57504
575203
57521
57523
57533
57534
57535
57536
57547
57551
57561
57575
57580
57583
57586
57599
57605
57608
57617
57630
57639
57645
57658
57665
5768
576972
57706
57707
57709
57710
57715
57716
57717
577201
57724
577515
577730
577926
57799
5780
57801
57823
5786
5787
5789
5796
5799
58026
5803
5810
581573
5817
58191
5826
5828
582922
583170
5834
583885
584354
58485
58511
58513
58518
58528
58533
586157
5862
5864
5869
5871
5873
5876
5878
5884113
588430
58853
5887305
5887310
5887453
5887560
5887605
5887833
5888037
5888043
5888314
5888381
5888664
5888797
5889
5889337
5889612
5889753
5890031
5890182
5890185
5890422
5890487
5890501
5890519
58911
5891136
5891370
5891554
5892127
5892524
5892866
5892871
5893084
5893223
5894147
5894803
5894854
5894870
58952
5895218
5895237
5895839
5896096
5896149
5896183
5896335
5896354
58974
58986
5903
5905
59074
5908
590810
59105
592142
5922
59267
59287
59296
59342
59345
59349
59353
595019
5959
5968974
5969498
5969847
5970531
5971905
5973146
5977130
5978276
5980231
5983
5989
5991
5998758
6009
602
6032068
6032685
6035
6036
6037
6039
6042339
6043303
60455
60466
60491
605
60560
60568
60575
60628
606749
60676
606806
60681
60685
607998
608378
608500
608621
608699
608707
608843
609098
6098
609935
6100
6102598
610631
610900
611328
612143
612144
612206
612944
6130
613274
613384
613396
6135
613505
613527
613674
613901
613984
614285
614333
614489
614849
614947
615077
615149
615239
615376
615390
615804
615893
615930
615954
616003
616375
616562
616641
617247
617367
618207
618505
618860
618918
619385
6196704
6206
6220098
6220133
6220275
6220404
6220425
6220496
6220519
6220522
6237
6251
6261
6263
6272
6278
6284
6285
629
6297
63027
6317
633
6334
6346075
6347
6359
636
6382
63826
63827
6383
6385
6386
63865
6388
63886
63895
63915
63951
6396
6399
64030
64060
64081
64083
64084
64088
64089
64114
64121
64138
64139
64145
641700
64175
64221
64241
64285
64294
643008
643246
643394
6439
6441
644353
64468
64469
6448
644844
644943
6451
64529
64537
6456
64599
64601
64630
64645
64648
64651
64663
64682
6473
64747
64755
64779
6478
64781
64794
64801
6483
64840
64862
64881
64933
6499384
650
65031
65052
6505388
65056
6506490
6507861
65081
65082
65084
65094
65110
65114
65161
6520
65220
65221
65225
6523
65260
65267
6528780
6531
6532
653319
653333
6533557
653361
6534283
653489
6536335
6538
653820
6539
6539249
6541640
6546082
6546350
655
655039
655074
655077
6552254
655494
6556
6557
6557366
655763
6557831
6558
655804
655809
6560
656191
656214
6566415
6568928
6569847
6571
657117
657203
6574
6574770
6576634
658084
6581
6581842
6582975
658343
658605
658974
659087
659099
659109
659226
6592696
6594
659441
6595
659502
6595041
659565
659683
65969
65972
659831
65985
65987
65989
6599018
66000
6600238
66005
660053
66008
660163
6602
660225
660286
660368
660426
660443
6605120
660551
6606132
660669
6607139
66082
6608376
6609
66096
6610
66141
661589
6616
6622
6623987
66241
6624550
662480
662627
6627304
662805
662813
66290
663055
663066
663090
663117
663145
663208
663233
6632820
663777
6638715
6642
6643
66439
6644410
6647
66473
664759
6649689
66508
665270
66530
6655
66552
66626
6665
6668
666921
666927
66725
66734
6678
66805
66840
66848
66857
66881
6695
670
67048
6709
671
67111
6713
6714
67166
67171
6721
6728815
673
67300
6733734
6737508
67443
67464
67468
6748822
6748850
6748895
67489
6748910
6748911
6749292
6749404
6749466
6749682
6749694
6749705
6749873
6750151
6750479
6750780
6750963
6751061
6751078
6751332
6751681
6752985
6753396
6753707
6753746
6754146
6754195
6755142
6755330
6755331
6755382
6755383
6755394
6755650
6755760
6755797
67561
6757541
6758328
6758359
6758416
6759232
6760086
6768
67739
67774
67804
678590
67963
679937
68038
680718
6809
6813
681544
681578
68195
682
6820
68279
6836
68365
684
68421
6843
68441
6845
684536
6850
68576
686
6860
6866
68724
688
689412
68942
6902747
69071
690751
69083
6920
692078
692094
6921
6928
69296
693322
693377
693838
693986
694132
694136
694569
6948
694818
695
695379
69596
695996
696060
696274
696386
696469
696545
69660
69668
696779
697331
697383
697930
698014
699091
699100
6992
6997
699740
699868
700419
700991
7011
70160
701798
70202
702264
702484
702812
7029
703201
703534
703699
7037
70381
7039
70394
704260
7043
704304
70450
704701
70495
7059
706
7060
706361
706721
707280
7073
707329
7080
708080
7083138
70834
708459
7092
709487
7098
7103
7107
7108
710850
710928
710987
711016
711248
711339
7114
711437
712457
7125
712574
71279
7128
7137
713979
71406
715505
716100
7165
71665
7167
716740
71712
717147
71732
717500
71772
71779
718
718249
718433
71884
719
71900
71913
71923
719468
7204
7205951
7206010
7206606
7206758
7207283
7207481
7207639
7207744
7207966
7208240
7208452
7208876
720906
7209132
7209196
7209204
7209471
7209719
7210353
7210845
7210908
7210922
7211913
72124
7213511
7213561
7214200
7214201
7214243
7214311
7214440
7214473
7214476
7214484
7215206
7215256
7215303
7215970
7216018
7216517
7216556
72169
7217106
7217473
72175
7217903
7217983
7218373
7218402
7218408
7218849
7218852
7219176
7220
7220005
7220068
7220683
7220765
7221945
7222249
7222307
7222795
7224123
7224262
7224638
7224658
7225766
7226
7226541
7226733
7226776
7227616
7227656
7227751
7227914
7227923
7228070
7228208
72287
7229211
7229379
7230239
7230528
7230586
7230903
7231072
7232440
7232462
7233089
7233575
7233581
7233903
7233963
7234556
7234785
7235274
7235336
7235348
7235765
7235766
7235878
72368
7238265
7238336
7238523
72392
7239568
7241032
7241087
7242236
7242261
7242262
7242263
7242274
7242275
7243093
7243095
7243106
7243107
7243238
72433
7243312
7243578
7244147
7245652
7245664
7245966
72461
7246226
7246453
7246687
7247194
7247426
7247440
7247993
7248694
7249
7249533
7250026
7250034
7251020
7251266
72519
7252568
7252655
7252658
7252659
7253098
7253112
7253123
7253124
7253580
7254256
7255115
7255390
7255415
7255416
7255929
7255938
7276
727851
727897
727910
728
728215
728358
7286
728695
728712
728833
729085
7292
72925
7294
729533
729540
729857
729873
729877
7299
729991
7306
73067
73106
7311
7317
7318
7319
7320
73205
73218
733384
733610
733785
734343
734650
735139
73523
736240
73649
736519
73658
73689
737081
7373
737449
7375
737597
7376
737954
738
738332
7392
739402
739740
74008
740462
7405
740763
7410
74105
7411
74140
7415
7416
74245
7425
743000
743245
74325
74347
7436
74370
74374
74385
744
7442465
7442474
7442917
7443794
7443923
7443924
7445391
7445757
7447189
7448
7449351
7449808
7450175
7450857
7450946
7451168
7451782
7451827
7452489
7452768
7452829
745320
745867
745893
746130
74617
7462
7462593
7463075
7463076
7463736
7465869
7466183
746899
7471750
74718
7472
7472304
7472305
7473
7476337
7476343
7476775
74772
748043
7482
7482167
74840
7491167
74919
7495957
7504
750412
7514
7516
751636
751697
751756
752258
75234
7528
753
7539
754
755
7556
75604
75612
75620
75622
7581
7582
7587
76072
76161
762
76482
767647
767706
767760
767761
767922
768239
768274
768965
7691
769134
7692
76943
770
7702
770328
770805
771
771038
771782
77573
7760
7762
7772
7775
777614
7779
7780
7781
7782
778908
779329
779509
779630
779698
779723
7798
780074
780093
780136
780284
780287
780319
780336
780358
780372
780410
780470
7805
780776
780809
780844
782309
7832
783642
784
78416
784685
784749
784876
7852
7857
78610
78781
7879
7881
79025
79026
79036
79058
79065
79068
79089
79102
79125
79156
79158
79159
791890
79191
79248
792763
793
793046
79365
79443
79465
794692
795538
79574
79583
79586
79591
795916
79603
796128
79625
79626
796266
79634
79709
79724
79726
79730
797335
79745
79758
79777
79800
79803
79812
79820
798347
79837
79856
79867
79874
79876
79886
79887
79888
79895
79898
798985
79901
79905
79949
79953
79962
79973
79980
80011
80019
80023
80036
801
80110
8013
80142
80143
80177
80208
8021
80223
80230
80231
80235
8024136
8024602
8025779
8025952
8026215
8027
80279
8029
8029805
8031
80310
80315
8031937
80328
80331
80333
8033588
80341
80342
80352
8036605
80381
8038790
8039331
8040663
8041196
8042294
8042447
8043965
805
8051507
8057566
8058001
8059337
8059707
8061628
8061666
8062405
8062751
8063229
8063784
8063785
8064621
8066401
8067744
8067746
8068658
8069439
80700
8070301
80714
8071785
8072214
8072215
80727
8073691
8074134
80743
80752
8075752
80764
80765
8077431
8078
8078231
8078699
8079737
8079751
808
8080254
8081265
80820
8082585
8082675
80832
8084497
80848
80851
8085777
8086230
80864
80877
80896
81002
810226
81029
81031
810313
81035
810360
810566
810708
810709
810712
810721
810828
811008
811352
811363
811510
811642
811657
811658
811659
811660
8120
812028
812110
812123
812135
812156
812197
812449
812666
812667
812668
812669
812670
812671
812672
812831
812940
812967
813045
8131
813307
813614
813945
8140
814043
814101
814164
814196
814283
814347
81493
81511
81515
81551
81555
81567
81576
81603
81605
81606
81617
81618
81619
81622
81631
81652
81655
816608
81751
81786
81789
81796
81802
81804
81849
81897
819
81926
81929
81932
821474
8218
822503
823
8231997
8232099
8234294
823669
8239
8239915
824
824148
824149
8258855
8259219
8259231
8261722
8261889
8262660
8264208
8264209
8264232
8266008
8268075
8268076
826908
827
8273381
8273656
8275222
8275806
8278243
8281173
8281174
8282455
8282456
8284340
8285462
8287
8287389
8288144
8288565
829688
8301
830676
8309
8312
832
8320
832180
8324
833437
833747
83401
834067
83409
8342442
83429
8345087
83468
83477
83534
83541
83547
83576
83596
836158
836246
836512
836571
836697
83689
836892
83693
83696
83698
83706
837092
83715
8372
83729
83730
83737
83758
83768
83799
83805
83861
83877
83886
83891
83924
83930
839499
8395
83959
83985
84020
84058
84061
84064
84073
84074
84079
84100
8411
84141
84146
84168
8417
84171
84174
84182
84187
84219
84220
84221
84231
84232
8424
84253
84255
842673
84272
84282
84283
84285
84286
84292
843
84317
84321
84431
8444946
84471
8448
84489
84501
84513
84519
84522
84549
84557
84570
84572
84589
84634
84636
84665
84679
847
84767
8477
84792
84814
8482
84861
84866
84872
84883
84888
84899
84905
84910
84925
84928
84937
85002
8501
85019
85021
85027
8503
8505
851168
8521
8530
853072
85352
85364
8537
85376
853815
85395
85403
8541
85414
85416
85449
85450
85455
8546
85478
85480
85491
854918
855012
8571826
8571965
8572282
8572662
8572851
8573660
8574491
8574603
8575257
8575258
8575367
8576678
8577313
8577877
8577878
8578477
8578630
8578638
8578791
8579286
8579560
858
8580169
8580258
8580418
8580475
8581496
8582789
8584783
8585059
8585314
8585369
8585861
8586668
8586938
8587497
8587564
8587925
8587926
8588240
8588376
8589051
8589466
8589468
859
8590551
8590926
861
8616247
8616279
8616281
8616734
8616852
8617066
8617155
8617356
8617663
8617769
8618
8618047
8618070
8618428
8618447
8618493
8618533
8618594
8618654
8618663
8618712
8618907
8619070
8619264
8619412
8619414
8619415
8619416
8619562
8619575
8619586
8619660
8619666
8619672
8619674
8619691
8619729
8619889
8619916
8620282
8620304
8620314
8620457
8620621
8620627
8620742
8620797
8620846
8620895
8621025
8621061
8621168
8621332
8621534
8621541
8621547
8621695
8621915
8621921
8621982
8622036
8622052
8622187
8622191
8622208
8622234
8622313
8622359
8622427
8622703
8622777
8622857
8622858
8623004
8623016
8623140
8623272
8623302
8623433
8623476
8623642
8623870
8624042
8624061
8624111
8624149
8624228
8624257
8624329
8624399
8624539
8624619
8624654
8624862
8624942
8625156
8625403
8625429
8625738
8625775
8625929
8625930
8626107
8626124
8626150
8626187
8626203
8626204
8626332
8626381
8626479
8626520
8626689
8626692
8626758
8626805
8626818
8626890
8626916
8626986
8627179
8627181
8627198
8627300
8627357
8627413
8627545
8627816
8627829
8627830
8627831
8627832
8627833
8627834
8627835
8627836
8627918
8627986
8628013
8628015
8628022
8628057
8628392
8628414
8628472
8628540
8628576
8628698
8628914
8628926
8628929
8628946
8629029
8629111
8629396
8630
8635
864
8641
8649
867
8673
8673965
8674
8675
8685
8692
8704
8706
8722
8728
8742
875
8751
8754
8763
8766
8773
8774
8775
8787
8790
8798
8799
8804
8814
8828
8832
8836
8851
886
8869
8876
8878
8882
889
8891
8895
8898
8904
8905
8907
8910
8912
8915
8943
897238
8974
89780
89781
89783
89801
89839
89845
89853
89872
9001
9019
9020
90203
9026
9032
90332
90379
90416
9043
9044
90459
9052
90522
90557
9057
9066
90799
9080
90809
9091
9093
9098
910
91010
91056
911
9113
91133
9114
912
9120
91298
913
91319
9135
91409
91419
91442
9145
9146
9150
91523
91608
91775
9179
91807
91862
91869
91947
9218
9221999
9230
9245
92521
9254
92558
9258
9271274
92745
92799
92806
929
92949
9296
92979
93100
9315
9318
93185
932
9322
933075
9342
93426
9343
93432
9363
93664
9367
93670
9368
9372
9374
9392
93953
94031
94120
94121
94167
94175
94178
94197
9439
9441
9445
9452
9464
9465
9466
947
9476
9482
9489
949
9496
950
9506
9509
9514
9516
9522
9525
9528
9529
9540
9543
9545
9546
9550
9559
9575
9583
9586
9588
9603
9609
961
9619
9628
9632
966
9665
9666
9667
967
9672
9675
9678
968
9681
9685
9689
9693
9700
9701
9708
9711
9719
972
9720
9722
9723
9725
9727
9741
9762
9765
9779
9781
9784
9798
9801188
9811792
9812353
9817907
9821
9821820
9823866
9824160
9829
9830
9834986
9836
9836186
9838834
9842
9856
9861
9869
987
9871
9878
9880
9884
9896
9901
9907
992104
9922
993
9938
994
9940207
9945
9953
9957
9962
9990
9992
999853
