100
10015
10043
100533105
10059
100653049
10067
101
102
10201
10220
10266
10268
1027
102724428
10276
10312
10371
10395
10399
10428
10460
10497
10507
10514
10542
10570
10630
10670
1075
10758
10899
10945
11005
11083
1111
1113
11159
11188
11196
11202
11261
11337
114786
114804
114882
114908
116449
117
117584
1191
1201
120892
1211
1270
128338
1285
133396
1366
138065
1436
1437
147183
1490
150094
1508
1509
1512
1514
1515
1522
155465
160
1601
161
1611
162
1621
163
164
1739
1760
1773
1777
1778
1785
1917
1960
200576
201163
2014
2017
2060
208
2099
2152
220441
2261
2263
22905
23048
23085
23097
23098
231
23248
23362
23385
23400
23529
23593
23604
23621
23643
23645
23657
23673
23678
246330
2475
255027
255738
257106
2597
26287
2629
2641
2662
2668
2670
2683
2697
27065
27074
27113
27120
27347
27443
2771
2773
2782
2794
2822
282991
283248
284114
2896
29108
29110
2935
2956
29775
29965
301
3055
30818
309
3092
311
3134
3163
3240
3250
3273
3303
3304
3320
3326
3433
348
3480
3482
3486
351
3553
356
3569
3579
3620
3623
3708
3714
372
3728
375056
3815
387263
3885
389856
3916
392
392255
3939
4035
4036
4058
4067
407977
408
409
4149
4192
4208
4209
4254
427
4314
4332
4353
4436
4494
4615
4680
472
4856
4864
4904
4908
4914
4928
5025
5036
5062
5076
51022
51083
51129
51316
51454
51527
5159
51592
5170
51768
5245
5255
526
5275
5291
5293
5294
5325
5336
5366
54097
5423
54361
5447
54664
5468
54822
54978
55074
55187
55294
5533
55332
5536
5538
5551
5552
55626
55632
55655
55737
55754
558
5580
5581
55850
5594
5611
5621
5641
566
5660
5663
5664
56848
56850
57007
57448
5747
57551
57580
57630
57658
57707
5803
58511
58513
58533
5876
5903
602
60560
6135
6272
6285
6347
64083
64114
64121
641700
643394
64651
6478
650
65267
653361
655
6609
6622
6642
6643
6647
6655
670
6709
6714
6721
673
6768
6850
6928
695
6997
7029
7043
706
7073
7098
7128
7204
7249
728
7311
7320
7410
7415
7416
7516
754
7832
7852
7857
79026
79156
79625
79626
79886
8013
8021
80279
80315
80331
8078
81567
81618
819
823
824
8301
8309
8312
83596
83706
83729
83737
8411
84141
8417
84231
84283
843
847
8477
84883
85021
8505
85450
85480
867
8692
8742
8851
8876
8878
8882
889
8915
8943
89780
9026
9043
9044
9093
9113
9135
9218
9230
929
9368
9441
9464
947
9506
9525
9529
9540
9693
9700
972
9798
9821
987
